   4.2489664e-03   7.4055359e-03   7.4055359e-03  -2.2939304e-01
   3.9448085e-01   1.9400051e-02   1.9400051e-02   2.0139279e+00
   5.1190192e-01  -1.5423092e-01  -1.5423092e-01   5.4643731e+00
   2.9710624e-01  -5.9845876e-01  -5.9845876e-01   1.0898811e+00
  -3.0821413e+00   6.0756092e-02   6.0756092e-02  -3.3051572e-01
  -2.0183622e-01  -6.3146347e-02  -6.3146347e-02   2.8310612e-01
   2.0546303e+00  -1.0699354e-02  -1.0699354e-02   9.9392724e-01
   1.0966763e+00  -9.6918366e-02  -9.6918366e-02   1.0005918e+00
   1.0418216e-01  -2.7507273e-02  -2.7507273e-02   1.0025538e+00
  -5.2967857e-04   1.2331933e-03   1.2331933e-03   9.9940489e-01
  -1.5544539e-03   9.4546396e-03   9.4546396e-03   9.7653859e-01
  -7.3301333e-04   6.4323461e-02   6.4323461e-02   4.1528945e-01
  -1.0928602e-01   2.4143866e-01   2.4143866e-01   1.8103949e+00
  -1.8847926e-01  -1.3231276e-01  -1.3231276e-01   1.3338134e+00
  -2.9918199e-01  -6.5498403e-01  -6.5498403e-01   1.0796224e+00
   3.4245422e-01  -7.5113614e-02  -7.5113614e-02   2.8981778e+00
   5.0014868e-01   2.0757076e-03   2.0757076e-03   3.1524565e+00
   2.6991592e-01   2.2347708e-01   2.2347708e-01   1.9632418e+00
  -1.4874478e-01  -2.1731226e-01  -2.1731226e-01   2.2292767e+00
   7.2546620e-01  -1.2628116e+00  -1.2628116e+00   3.7757630e+00
  -1.0103100e+00  -3.9168335e-01  -3.9168335e-01   2.8847296e-01
  -1.6289709e+00   4.0490544e-01   4.0490544e-01  -1.8543842e-01
  -6.9906105e-01  -5.0788764e-01  -5.0788764e-01   1.1609530e+00
  -2.3659620e-01  -5.0739882e-01  -5.0739882e-01   5.0697677e-01
  -1.1518426e+00  -6.0105380e-02  -6.0105380e-02  -7.0968631e-02
   1.6822645e-01   3.3027397e-02   3.3027397e-02   9.0610237e-01
   2.6158884e-03   5.1400925e-02   5.1400925e-02  -3.0689378e-02
  -2.9017023e-02   2.9257046e-01   2.9257046e-01   1.0676522e+00
  -2.4005166e-03   3.9374801e-02   3.9374801e-02   8.0526047e-01
  -6.6023305e-02   2.2913021e-02   2.2913021e-02   1.1165446e+00
  -2.9768901e-01   5.6727221e-02   5.6727221e-02   1.5830581e+00
  -2.8744532e-01  -4.3068219e-01  -4.3068219e-01   1.3848360e+00
   1.1510424e-04  -1.8386413e-04  -1.8386413e-04   9.9558796e-01
  -9.3349150e-04  -2.3746769e-03  -2.3746769e-03   1.0009669e+00
   3.3488847e-02  -1.5893316e-01  -1.5893316e-01   1.1109029e+00
   4.6319543e-01  -6.8682766e-02  -6.8682766e-02   1.0029599e+00
   4.2348226e-01  -5.0619275e-01  -5.0619275e-01   1.0186450e+00
   1.7633386e+00  -7.4404079e-02  -7.4404079e-02   9.9618962e-01
   8.2430335e-01  -5.4286491e-02  -5.4286491e-02   7.4143249e-01
   1.0533472e-01   2.3599235e-01   2.3599235e-01   9.5566781e-01
  -9.7869725e-02   1.6981889e-01   1.6981889e-01   1.1370499e+00
  -5.1262936e-01  -2.8146424e-01  -2.8146424e-01   1.7311987e+00
   7.2577957e-04  -2.7509092e-02  -2.7509092e-02   1.0443422e+00
   1.6842940e-01  -3.6870920e-01  -3.6870920e-01   1.1228242e+00
   7.0313866e-01  -3.8364346e-01  -3.8364346e-01   8.3366433e-01
   4.7704443e-01   5.3733658e-02   5.3733658e-02   2.6118004e+00
   3.1254002e-01   1.2290992e-01   1.2290992e-01   2.4273034e+00
   4.9218214e-01  -5.7292041e-02  -5.7292041e-02   3.2101116e+00
   8.3508897e-02   1.4474630e-01   1.4474630e-01   2.2432982e+00
   8.1242470e-02   2.7325556e-01   2.7325556e-01   1.8674514e+00
   4.1601641e-01  -3.1720824e-01  -3.1720824e-01   4.0394094e+00
   4.5882976e-01  -1.6747609e-02  -1.6747609e-02   4.0060062e+00
   4.8961234e-01   1.3101089e-02   1.3101089e-02   2.5540831e+00
   3.9831241e-01   1.1662908e-01   1.1662908e-01   2.0359955e+00
   1.3043365e-01  -1.3752276e-01  -1.3752276e-01   2.5915522e+00
   2.8034789e-01  -6.3960850e-01  -6.3960850e-01   2.6635142e+00
   3.6519636e-01  -5.5202702e-01  -5.5202702e-01   3.4150322e+00
   5.1176192e-01  -8.9974181e-01  -8.9974181e-01   4.9899839e+00
  -1.6389973e-01   6.6429912e-02   6.6429912e-02   2.1207310e+00
   7.5182853e-01  -1.1275644e+00  -1.1275644e+00   2.3079786e+00
   1.8514821e-02  -5.5145278e-01  -5.5145278e-01   1.8769997e+00
  -8.7646653e-01  -4.9390779e-01  -4.9390779e-01   6.5495189e-01
  -1.4321608e+00  -7.7281698e-02  -7.7281698e-02   1.3128247e-01
  -9.0784131e-01  -2.1352339e-01  -2.1352339e-01   4.8194787e-01
  -5.7602348e-01  -6.2238875e-01  -6.2238875e-01   7.5560194e-01
  -5.9360105e-01  -6.1818597e-01  -6.1818597e-01   1.1357864e+00
  -1.8944586e+00  -1.2602220e-02  -1.2602220e-02  -8.3337754e-02
  -2.6702115e+00   4.2054623e-01   4.2054623e-01  -2.5148579e-01
  -4.6949577e-01   4.9010299e-03   4.9010299e-03   1.8260882e-01
  -3.9730282e-01  -4.0645944e-01  -4.0645944e-01   1.0785587e+00
  -7.1249477e-01  -2.6070186e-01  -2.6070186e-01   1.2458127e-01
  -1.2065846e+00  -1.9737677e-01  -1.9737677e-01  -1.3436401e-02
  -6.2865814e-01  -4.9186218e-01  -4.9186218e-01   3.9014916e-01
  -1.8676428e+00  -4.8660296e-02  -4.8660296e-02  -1.8960773e-01
  -2.4731312e-01  -6.4106342e-01  -6.4106342e-01   7.8278960e-01
  -2.3492753e-01  -2.7163873e-01  -2.7163873e-01   3.1086455e-01
  -6.5472104e-01  -6.4584583e-02  -6.4584583e-02   7.5112610e-02
   3.0459889e-01   3.0129587e-02   3.0129587e-02   1.5007011e+00
   1.5317320e-01   1.2967260e-01   1.2967260e-01   9.1783304e-01
   1.9517380e-01   2.5743103e-01   2.5743103e-01   1.4812478e+00
   5.3688873e-02   2.2571328e-02   2.2571328e-02   2.9485964e-01
   3.8305996e-03   2.8556162e-02   2.8556162e-02  -1.7715559e-01
   3.3317730e-02   1.5735695e-01   1.5735695e-01   4.1606372e-01
   9.1790728e-04   6.3838407e-02   6.3838407e-02   1.8051618e-01
  -8.8469122e-03   1.9794078e-01   1.9794078e-01   6.8932238e-01
   3.7136151e-02   2.9256328e-01   2.9256328e-01   1.0109051e+00
  -6.0628444e-02   3.0691997e-01   3.0691997e-01   1.4499262e+00
  -7.6990546e-02   2.4531323e-01   2.4531323e-01   1.1129237e+00
  -1.8990307e-01   1.4701068e-01   1.4701068e-01   1.3705760e+00
  -2.4497586e-01   1.6504410e-01   1.6504410e-01   1.7023824e+00
  -1.9082299e-03   5.4787213e-02   5.4787213e-02   6.3326907e-01
  -3.0420689e-02   1.2200850e-01   1.2200850e-01   9.2511924e-01
  -2.2244690e-03   2.2896047e-02   2.2896047e-02   9.1849522e-01
  -2.0377744e-02   2.8703839e-02   2.8703839e-02   1.0201255e+00
  -9.1872578e-02   8.9237311e-02   8.9237311e-02   1.1371717e+00
  -1.2546346e-01  -3.0557043e-02  -3.0557043e-02   1.2309645e+00
  -2.7189799e-01  -5.1001813e-02  -5.1001813e-02   1.4588529e+00
  -4.1236282e-01  -2.0742151e-01  -2.0742151e-01   1.9372620e+00
  -5.9577264e-01  -4.5025489e-01  -4.5025489e-01   1.5376495e+00
  -4.1041655e-01  -9.3627878e-02  -9.3627878e-02   1.7245163e+00
  -2.4546998e-01  -2.7269574e-01  -2.7269574e-01   1.3951122e+00
  -4.5518504e-01  -3.7259655e-01  -3.7259655e-01   1.5502028e+00
  -3.0862033e-01  -5.7268813e-01  -5.7268813e-01   1.2788174e+00
  -3.0809218e-02  -1.7053734e-02  -1.7053734e-02   1.0823786e+00
   8.4546001e-03  -7.8636247e-02  -7.8636247e-02   1.0794361e+00
  -7.5940860e-02  -1.7068415e-01  -1.7068415e-01   1.2148943e+00
  -6.5356400e-04   1.6092744e-03   1.6092744e-03   9.9512768e-01
   2.5010272e-04  -4.5916711e-03  -4.5916711e-03   1.0138940e+00
   1.3510334e-04   1.4784424e-03   1.4784424e-03   9.9604877e-01
  -3.9613778e-03   1.7885261e-03   1.7885261e-03   1.0001326e+00
   1.2566064e-02  -1.5566979e-02  -1.5566979e-02   1.0134565e+00
   2.8238395e-02  -1.2105756e-02  -1.2105756e-02   1.0017873e+00
   1.0260683e-01  -9.8275676e-02  -9.8275676e-02   1.0338319e+00
  -6.3896156e-02  -4.3269234e-01  -4.3269234e-01   1.2406660e+00
   2.8389723e-01  -4.5930255e-01  -4.5930255e-01   1.0865040e+00
   4.5343021e-02  -6.1575313e-01  -6.1575313e-01   1.0398590e+00
   8.4921495e-02  -2.6090683e-01  -2.6090683e-01   1.1286309e+00
   2.4557098e-01  -4.7354675e-02  -4.7354675e-02   1.0030271e+00
   3.6595020e-01  -2.2900566e-01  -2.2900566e-01   1.0378888e+00
   7.5398406e-01  -8.6989839e-02  -8.6989839e-02   1.0021649e+00
   8.0937450e-01  -3.1423664e-01  -3.1423664e-01   1.0061754e+00
   1.9901065e-01  -4.7375493e-01  -4.7375493e-01   6.7531371e-01
   7.9334027e-01  -2.1093838e-01  -2.1093838e-01   7.6518977e-01
   2.6206566e-01  -6.3221300e-02  -6.3221300e-02   5.0036257e-01
   5.7116412e-01  -4.8518870e-01  -4.8518870e-01   9.2745641e-01
   1.4510946e+00  -9.3553621e-02  -9.3553621e-02   9.9843274e-01
   1.2661746e+00  -2.3792024e-01  -2.3792024e-01   9.4949677e-01
   1.9781191e+00  -4.1228348e-02  -4.1228348e-02   9.9452720e-01
   1.4634184e+00  -3.4027948e-02  -3.4027948e-02   9.2074726e-01
   2.8568002e-01   1.3728809e-01   1.3728809e-01   1.4898623e+00
   4.8514192e-02   8.7209725e-02   8.7209725e-02   3.2652407e-01
   1.1988837e-02   1.9586949e-01   1.9586949e-01   5.4562419e-01
   6.3570640e-02   3.1521614e-01   3.1521614e-01   1.4698982e+00
  -1.5197047e-01   2.4330553e-01   2.4330553e-01   1.4192267e+00
  -2.3884281e-02   1.6920408e-01   1.6920408e-01   8.2196922e-01
  -2.8528636e-02   7.0982182e-02   7.0982182e-02   9.9051148e-01
  -1.7642418e-01   4.8140677e-02   4.8140677e-02   1.3061747e+00
  -4.1125504e-01  -4.0997680e-01  -4.0997680e-01   1.6575497e+00
  -3.4152189e-01   1.1082803e-02   1.1082803e-02   1.9053085e+00
  -3.6827261e-01  -1.9872358e-01  -1.9872358e-01   1.5547816e+00
  -5.2731254e-01  -5.3215396e-01  -5.3215396e-01   1.4054379e+00
  -5.6209439e-02  -7.4516003e-02  -7.4516003e-02   1.1522902e+00
  -9.3241450e-03   3.0154768e-03   3.0154768e-03   1.0235181e+00
   2.4477961e-03  -5.2922783e-04  -5.2922783e-04   1.0036746e+00
   4.1301359e-02  -4.8021794e-02  -4.8021794e-02   1.0241361e+00
  -2.0824375e-02  -5.5040392e-01  -5.5040392e-01   1.1709679e+00
  -8.0972345e-02  -2.9648815e-01  -2.9648815e-01   1.2506618e+00
   2.0869484e-01  -1.6186779e-01  -1.6186779e-01   1.0394434e+00
   5.7122969e-01  -2.8533588e-01  -2.8533588e-01   1.0269331e+00
   2.4953164e-01  -2.5800007e-01  -2.5800007e-01   5.4082105e-01
   1.2491593e-01  -5.9641147e-01  -5.9641147e-01   8.6088426e-01
   1.0530700e+00  -3.0084053e-01  -3.0084053e-01   9.7823128e-01
   1.4118252e+00  -1.3135509e-01  -1.3135509e-01   9.2833417e-01
   4.1736844e-01   2.3780280e-02   2.3780280e-02   2.7781431e+00
   4.9226761e-01   7.2975685e-03   7.2975685e-03   2.8908360e+00
   4.0529866e-01   8.9499237e-02   8.9499237e-02   2.5307136e+00
   5.3988226e-01  -8.3783376e-03  -8.3783376e-03   2.9541405e+00
   5.4372850e-01  -3.8237792e-02  -3.8237792e-02   3.2960047e+00
   3.8468217e-01   1.3604716e-01   1.3604716e-01   2.3052692e+00
   2.9653994e-01   1.7682678e-01   1.7682678e-01   2.2321496e+00
   3.2324307e-01   4.5190654e-02   4.5190654e-02   2.6332967e+00
   4.1907259e-01  -6.5640091e-02  -6.5640091e-02   3.0543014e+00
   1.8945299e-01   2.0625148e-01   2.0625148e-01   2.1492719e+00
   8.0962782e-02   2.2041929e-01   2.2041929e-01   2.0678135e+00
   1.9772354e-01   1.5109864e-01   1.5109864e-01   2.3091648e+00
  -3.2322696e-02   2.0257785e-01   2.0257785e-01   2.0244617e+00
  -1.1236151e-02   2.7308269e-01   2.7308269e-01   1.8176856e+00
   2.1304897e-01   4.5960413e-02   4.5960413e-02   2.5181564e+00
   1.7793829e-01   2.5714196e-01   2.5714196e-01   1.9163157e+00
   5.2639633e-01  -8.0471736e-02  -8.0471736e-02   3.7007890e+00
   4.6564498e-01  -1.5265028e-01  -1.5265028e-01   3.5743600e+00
   4.8040615e-01  -1.4282644e-01  -1.4282644e-01   4.2019177e+00
   4.0164467e-01  -2.1751714e-01  -2.1751714e-01   3.3788949e+00
   3.6427226e-01  -2.6724809e-01  -2.6724809e-01   4.8517053e+00
   4.0729683e-01  -2.5488277e-02  -2.5488277e-02   4.6077785e+00
   4.8717731e-01  -6.3725023e-03  -6.3725023e-03   3.5341703e+00
   4.9281961e-01   3.0441594e-02   3.0441594e-02   2.3993481e+00
   4.5130280e-01   8.7543408e-02   8.7543408e-02   2.3636070e+00
   5.2150641e-01   1.3583685e-02   1.3583685e-02   2.6590459e+00
   3.4513587e-01   1.7548276e-01   1.7548276e-01   2.0039636e+00
   4.9987357e-01   8.7165489e-03   8.7165489e-03   2.8306404e+00
   4.7298531e-01   1.5753357e-02   1.5753357e-02   2.3155462e+00
   4.1744939e-01   4.6453330e-02   4.6453330e-02   2.0549817e+00
   3.2429307e-01  -6.2478811e-01  -6.2478811e-01   3.0514313e+00
   2.6116091e-01  -3.2483229e-01  -3.2483229e-01   2.9242522e+00
   1.6700466e-01  -3.6716922e-01  -3.6716922e-01   2.6664516e+00
   2.3929276e-01  -9.2552870e-02  -9.2552870e-02   2.7252009e+00
   3.3375735e-01  -2.5913349e-01  -2.5913349e-01   3.1518576e+00
  -4.4698328e-03  -1.7334820e-01  -1.7334820e-01   2.4131548e+00
   6.3521919e-02  -3.9544150e-01  -3.9544150e-01   2.4032973e+00
   4.6531587e-01  -1.0140047e+00  -1.0140047e+00   3.0549158e+00
   4.0832215e-01  -9.6107901e-01  -9.6107901e-01   3.6106267e+00
   3.7579120e-01  -4.4168463e-01  -4.4168463e-01   3.7143584e+00
   3.4711559e-01  -8.1875798e-01  -8.1875798e-01   4.1020017e+00
   2.7825718e-01  -5.8160527e-01  -5.8160527e-01   4.5182538e+00
   4.1895252e-01  -5.3089243e-01  -5.3089243e-01   5.3811808e+00
   6.2278468e-01  -1.1366515e+00  -1.1366515e+00   4.4307685e+00
  -3.2918185e-02  -1.2019900e-02  -1.2019900e-02   2.3268661e+00
   9.6039361e-02   3.0303535e-02   3.0303535e-02   2.4185099e+00
  -3.5640932e-02   1.2085618e-01   1.2085618e-01   2.1772112e+00
  -1.4364380e-01   1.6470592e-01   1.6470592e-01   1.9865721e+00
  -1.7134224e-01  -5.9688123e-02  -5.9688123e-02   2.2092750e+00
   1.8056091e-01  -6.1468440e-01  -6.1468440e-01   2.2658510e+00
   4.2198052e-01  -8.6209145e-01  -8.6209145e-01   1.9276337e+00
   4.7140020e-01  -9.7054832e-01  -9.7054832e-01   2.4804593e+00
   6.2114177e-01  -9.0419270e-01  -9.0419270e-01   1.6163959e+00
   2.0331783e-01  -6.5119415e-01  -6.5119415e-01   1.4288146e+00
   7.7686176e-01  -1.2479217e+00  -1.2479217e+00   3.0321675e+00
  -9.8290296e-02  -3.9181784e-01  -3.9181784e-01   2.1229135e+00
  -1.1721206e+00  -1.3254099e-01  -1.3254099e-01   2.9094033e-01
  -9.3423754e-01  -3.6779362e-01  -3.6779362e-01   5.9269907e-01
  -1.0892210e+00  -3.2115560e-01  -3.2115560e-01   3.8437714e-01
  -7.9521830e-01  -5.1446807e-01  -5.1446807e-01   8.8403838e-01
  -7.8522803e-01  -4.0559258e-01  -4.0559258e-01   8.2476721e-01
  -9.3090250e-01  -4.5850242e-01  -4.5850242e-01   4.5751411e-01
  -1.2254182e+00  -2.7231001e-01  -2.7231001e-01   2.1522467e-01
  -1.5673029e+00   2.1738960e-01   2.1738960e-01   2.3884032e-02
  -1.1366761e+00   1.2462919e-01   1.2462919e-01   1.2287314e-01
  -7.1978539e-01  -5.8755530e-01  -5.8755530e-01   9.0771332e-01
  -5.8477406e-01  -6.3957868e-01  -6.3957868e-01   9.2297795e-01
  -7.3443264e-01  -5.7535686e-01  -5.7535686e-01   7.0439358e-01
  -4.4018498e-01  -6.6061677e-01  -6.6061677e-01   9.4374952e-01
  -4.6674387e-01  -6.4517529e-01  -6.4517529e-01   1.1114031e+00
  -7.5560816e-01  -5.3085900e-01  -5.3085900e-01   5.2853244e-01
  -6.7882494e-01  -5.7186714e-01  -5.7186714e-01   1.1520560e+00
  -1.6552533e+00  -4.1175137e-02  -4.1175137e-02   1.9670784e-02
  -2.3088126e+00   1.9634824e-01   1.9634824e-01  -6.4991076e-02
  -1.9672233e+00   2.4301691e-01   2.4301691e-01  -3.8292829e-02
  -1.3709933e+00  -2.0082317e-01  -2.0082317e-01   7.7381257e-02
  -2.5765339e+00   8.0836929e-02   8.0836929e-02  -1.7526883e-01
  -3.0142436e+00   2.7005761e-01   2.7005761e-01  -2.3969871e-01
  -2.1859063e+00   4.6080878e-01   4.6080878e-01  -2.4266342e-01
  -6.4849484e-01  -3.0599336e-01  -3.0599336e-01   7.2607958e-01
  -7.1118333e-01  -2.9142621e-02  -2.9142621e-02   2.8835265e-01
  -3.3064333e-01  -2.2095040e-01  -2.2095040e-01   5.2840471e-01
  -1.0282523e+00   2.4298392e-01   2.4298392e-01  -5.1244136e-02
   2.0587761e-02  -2.9038073e-01  -2.9038073e-01   5.2075588e-01
  -2.5163180e-02  -4.5830459e-01  -4.5830459e-01   9.7449972e-01
  -6.0949615e-01  -4.4200628e-01  -4.4200628e-01   1.1396522e+00
  -8.7872160e-01  -3.5324041e-01  -3.5324041e-01   1.7714566e-01
  -6.7444473e-01  -3.8539863e-01  -3.8539863e-01   2.3996158e-01
  -9.4309054e-01  -2.3690580e-01  -2.3690580e-01   5.1364789e-02
  -4.8590412e-01  -4.0243387e-01  -4.0243387e-01   3.0627107e-01
  -4.6383825e-01  -5.0945494e-01  -5.0945494e-01   4.4280397e-01
  -9.7959941e-01  -1.1089574e-01  -1.1089574e-01  -2.6352562e-02
  -1.2632566e+00  -9.2517808e-02  -9.2517808e-02  -9.9383130e-02
  -1.1036526e+00  -3.0034447e-01  -3.0034447e-01   1.1972916e-01
  -7.9904437e-01  -4.5653051e-01  -4.5653051e-01   3.3917667e-01
  -1.6019154e+00  -6.3241659e-02  -6.3241659e-02  -1.5950494e-01
  -2.0242769e+00  -1.6013474e-02  -1.6013474e-02  -1.9920822e-01
  -1.5105185e+00  -1.3127915e-01  -1.3127915e-01  -6.1574977e-02
  -2.3821160e+00  -4.2175192e-02  -4.2175192e-02  -2.2927395e-01
  -1.4707988e+00  -5.5254292e-02  -5.5254292e-02  -1.3498384e-01
  -4.4262084e-01  -5.9045931e-01  -5.9045931e-01   6.0127729e-01
  -5.8157712e-01  -5.7546448e-01  -5.7546448e-01   5.6451074e-01
  -4.2689587e-01  -6.4258746e-01  -6.4258746e-01   7.6590822e-01
  -2.5550065e-01  -6.6538529e-01  -6.6538529e-01   9.2410050e-01
  -2.4066344e-01  -5.8864586e-01  -5.8864586e-01   6.4088599e-01
  -5.2002898e-01  -1.2973224e-01  -1.2973224e-01   1.3842638e-01
  -7.3542440e-01  -1.2239539e-01  -1.2239539e-01   5.4066177e-02
  -5.0605581e-01  -2.7426718e-01  -2.7426718e-01   2.0226561e-01
  -8.8448881e-01  -6.3261515e-02  -6.3261515e-02  -1.5902017e-05
  -2.3465867e-01  -4.0006679e-01  -4.0006679e-01   3.9372170e-01
  -2.3600027e-01  -1.2669917e-01  -1.2669917e-01   2.7030368e-01
  -4.5519629e-01  -6.4695920e-02  -6.4695920e-02   1.5163686e-01
   3.6423568e-01   1.8988622e-02   1.8988622e-02   1.8161599e+00
   3.0165887e-01   6.5850955e-02   6.5850955e-02   1.4963404e+00
   3.5622614e-01   1.2779825e-01   1.2779825e-01   1.8005250e+00
   2.3637791e-01   3.3960279e-02   3.3960279e-02   1.1993435e+00
   1.6464310e-01   6.5846577e-02   6.5846577e-02   9.0886499e-01
   2.1738239e-01   1.3783636e-01   1.3783636e-01   1.2009556e+00
   1.3308957e-01   1.8772562e-01   1.8772562e-01   9.3366015e-01
   1.4927065e-01   2.5371028e-01   2.5371028e-01   1.2165397e+00
   2.4909954e-01   2.0357969e-01   2.0357969e-01   1.4856010e+00
   2.4047760e-01   2.4370170e-01   2.4370170e-01   1.7575092e+00
   1.0567821e-01   2.9126572e-02   2.9126572e-02   6.0868511e-01
   5.2406065e-02   4.4644676e-02   4.4644676e-02   3.0284783e-01
   9.5738967e-02   1.1302868e-01   1.1302868e-01   6.2986488e-01
   1.7597607e-02   1.3012612e-02   1.3012612e-02  -4.8553549e-02
   4.1447057e-03   1.4635247e-02   1.4635247e-02  -2.1617463e-01
   1.5880817e-02   5.0198369e-02   5.0198369e-02  -3.7487649e-03
   3.3119440e-03   4.1037740e-02   4.1037740e-02  -1.1426199e-01
   1.0883151e-02   9.0436473e-02   9.0436473e-02   1.2205440e-01
   4.2040871e-02   1.2548589e-01   1.2548589e-01   3.6488712e-01
   6.5833134e-02   2.0453168e-01   2.0453168e-01   6.9129712e-01
   2.3012322e-02   1.8114567e-01   1.8114567e-01   4.7737962e-01
   2.3608001e-02   2.5433245e-01   2.5433245e-01   7.8037032e-01
   7.2333230e-02   2.7144051e-01   2.7144051e-01   9.8213146e-01
   1.7950061e-03   5.9107430e-02   5.9107430e-02   6.9262342e-02
   3.8881861e-03   1.1249508e-01   1.1249508e-01   3.0367358e-01
   5.4905153e-05   6.5523805e-02   6.5523805e-02   2.9764256e-01
  -2.9364470e-03   1.1363387e-01   1.1363387e-01   5.0573750e-01
   1.1196866e-03   2.0131220e-01   2.0131220e-01   6.1738284e-01
  -1.7580235e-02   2.5620474e-01   2.5620474e-01   8.7722567e-01
   2.6097965e-03   2.9929511e-01   2.9929511e-01   1.0399773e+00
   1.3101461e-01   2.9514348e-01   2.9514348e-01   1.4763055e+00
   7.3757391e-02   2.9730416e-01   2.9730416e-01   1.7009430e+00
   5.0972724e-02   3.1285080e-01   3.1285080e-01   1.2400183e+00
  -4.3339071e-02   3.0927826e-01   3.0927826e-01   1.2591432e+00
  -1.3323798e-03   3.1841916e-01   3.1841916e-01   1.4611226e+00
  -8.0177794e-02   2.8481617e-01   2.8481617e-01   1.6383061e+00
  -1.1201247e-01   2.8139143e-01   2.8139143e-01   1.4365148e+00
  -1.9684845e-01   2.1391213e-01   2.1391213e-01   1.5667998e+00
  -1.8606892e-01   2.1061379e-01   2.1061379e-01   1.7603568e+00
  -5.6020022e-02   2.7387915e-01   2.7387915e-01   1.0924432e+00
  -1.1196757e-01   2.5363941e-01   2.5363941e-01   1.2661889e+00
  -9.1017659e-02   2.0962578e-01   2.0962578e-01   1.1279841e+00
  -1.4137627e-01   1.6704822e-01   1.6704822e-01   1.2537188e+00
  -1.7797252e-01   1.9715717e-01   1.9715717e-01   1.3970641e+00
  -2.4241772e-01   1.1003673e-01   1.1003673e-01   1.4822988e+00
  -2.8194839e-01   1.1269676e-01   1.1269676e-01   1.6433907e+00
  -1.7324156e-02   1.8676222e-01   1.8676222e-01   7.5839158e-01
  -4.7397463e-02   2.1770287e-01   2.1770287e-01   9.6345298e-01
  -1.3984623e-03   6.0583070e-02   6.0583070e-02   5.2855330e-01
  -7.8367716e-03   9.7128242e-02   9.7128242e-02   6.9352385e-01
  -2.2436149e-03   4.7512181e-02   4.7512181e-02   7.2621995e-01
  -9.9389854e-03   7.0141298e-02   7.0141298e-02   8.4175299e-01
  -2.8272647e-02   1.4699546e-01   1.4699546e-01   8.7800500e-01
  -6.0429753e-02   1.5498095e-01   1.5498095e-01   1.0256964e+00
  -3.0428615e-02   9.6100134e-02   9.6100134e-02   9.6262879e-01
  -5.6784367e-02   8.7353942e-02   8.7353942e-02   1.0585062e+00
  -9.7899629e-02   1.2881074e-01   1.2881074e-01   1.1400198e+00
  -2.3878211e-03   3.0983193e-02   3.0983193e-02   8.6934856e-01
  -9.2802574e-03   4.1076524e-02   4.1076524e-02   9.3918021e-01
  -1.9364171e-03   1.5593026e-02   1.5593026e-02   9.5364967e-01
  -6.5739849e-03   1.7148547e-02   1.7148547e-02   9.8860755e-01
  -2.5047246e-02   4.8127348e-02   4.8127348e-02   1.0093290e+00
  -4.0768069e-02   3.1305906e-02   3.1305906e-02   1.0641775e+00
  -8.0834345e-02   5.3343428e-02   5.3343428e-02   1.1290748e+00
  -1.8887413e-01   9.6309933e-02   9.6309933e-02   1.3401003e+00
  -2.2339629e-01   5.4674570e-03   5.4674570e-03   1.3869820e+00
  -2.9356453e-01   9.7958676e-04   9.7958676e-04   1.5214079e+00
  -1.3218644e-01   7.6182187e-02   7.6182187e-02   1.2213264e+00
  -9.4687941e-02   2.4181179e-03   2.4181179e-03   1.1733686e+00
  -1.5452401e-01   5.1460514e-03   5.1460514e-03   1.2695089e+00
  -1.5712727e-01  -7.5757615e-02  -7.5757615e-02   1.2856814e+00
  -2.3571660e-01  -9.6223609e-02  -9.6223609e-02   1.3960479e+00
  -2.1277751e-01  -4.5668059e-01  -4.5668059e-01   1.7290980e+00
  -3.8552899e-01  -4.4456296e-01  -4.4456296e-01   1.3736667e+00
  -2.9693675e-01  -1.9867956e-01  -1.9867956e-01   2.0645957e+00
  -4.2194178e-01  -3.2073976e-01  -3.2073976e-01   1.8444184e+00
  -4.8407880e-01  -2.3803383e-01  -2.3803383e-01   1.8289019e+00
  -5.5578287e-01  -3.7346711e-01  -3.7346711e-01   1.6627013e+00
  -5.3922632e-01  -4.1571806e-01  -4.1571806e-01   1.5985698e+00
  -6.3893070e-01  -4.9901228e-01  -4.9901228e-01   1.3553285e+00
  -2.6422414e-01   5.0300112e-02   5.0300112e-02   2.0032398e+00
  -3.8314618e-01  -9.1957596e-02  -9.1957596e-02   1.9509934e+00
  -2.9419123e-01   9.7202876e-02   9.7202876e-02   1.8182287e+00
  -3.5427528e-01  -1.1792987e-02  -1.1792987e-02   1.6663015e+00
  -3.9094138e-01  -3.8774742e-02  -3.8774742e-02   1.8130768e+00
  -4.6395436e-01  -1.8543866e-01  -1.8543866e-01   1.7490166e+00
  -4.0168387e-01  -1.4839518e-01  -1.4839518e-01   1.6385322e+00
  -4.1345442e-01  -2.8445310e-01  -2.8445310e-01   1.5677929e+00
  -5.0100661e-01  -3.2879903e-01  -3.2879903e-01   1.6390554e+00
  -3.2064598e-01  -1.1981653e-01  -1.1981653e-01   1.5166074e+00
  -2.1832051e-01  -1.9870198e-01  -1.9870198e-01   1.3715695e+00
  -3.1459287e-01  -2.4107555e-01  -2.4107555e-01   1.4734457e+00
  -2.6882134e-01  -3.5129308e-01  -3.5129308e-01   1.4006847e+00
  -3.8159188e-01  -4.0768757e-01  -4.0768757e-01   1.4652411e+00
  -5.8694944e-01  -4.9380486e-01  -4.9380486e-01   1.4724844e+00
  -5.5954292e-01  -5.8909894e-01  -5.8909894e-01   1.2751605e+00
  -4.9296521e-01  -4.5749404e-01  -4.5749404e-01   1.4972142e+00
  -3.0073341e-01  -5.0624591e-01  -5.0624591e-01   1.3447779e+00
  -4.3087622e-01  -5.5938647e-01  -5.5938647e-01   1.3404559e+00
  -3.1174134e-01  -6.2392367e-01  -6.2392367e-01   1.1864759e+00
  -9.1777144e-02  -5.7426215e-02  -5.7426215e-02   1.1915262e+00
  -6.7371162e-02  -1.1809255e-01  -1.1809255e-01   1.1857120e+00
  -1.3391426e-01  -1.5751927e-01  -1.5751927e-01   1.2730848e+00
  -4.8833999e-02  -7.8744152e-04  -7.8744152e-04   1.1005922e+00
  -4.3621774e-02  -4.0773633e-02  -4.0773633e-02   1.1170605e+00
  -1.3656209e-02  -2.5782493e-02  -2.5782493e-02   1.0631767e+00
   3.0656990e-03  -4.9287938e-02  -4.9287938e-02   1.0617503e+00
  -2.1723655e-02  -8.1489642e-02  -8.1489642e-02   1.1144724e+00
   1.8186980e-02  -1.1540838e-01  -1.1540838e-01   1.0962397e+00
  -1.8674944e-02  -1.7119195e-01  -1.7119195e-01   1.1603909e+00
  -1.4968179e-02   1.3526786e-02   1.3526786e-02   1.0243085e+00
  -1.8982751e-02  -2.8751483e-03  -2.8751483e-03   1.0504966e+00
  -1.1134889e-03   4.7474173e-03   4.7474173e-03   9.8947288e-01
  -2.9173502e-03   2.8537415e-03   2.8537415e-03   1.0033171e+00
  -2.2306140e-04   2.9423601e-05   2.9423601e-05   9.9629338e-01
   2.2268738e-04  -1.0140062e-03  -1.0140062e-03   1.0014267e+00
  -4.0250859e-03  -2.8521185e-03  -2.8521185e-03   1.0194863e+00
   1.6218047e-04  -1.2918353e-02  -1.2918353e-02   1.0281833e+00
   2.7018658e-03  -3.2673820e-03  -3.2673820e-03   1.0082312e+00
   5.9986179e-03  -6.0412902e-03  -6.0412902e-03   1.0084499e+00
   1.0229550e-02  -2.3450569e-02  -2.3450569e-02   1.0272894e+00
   2.7361977e-04   5.4419811e-04   5.4419811e-04   9.9511451e-01
   6.8943372e-04   1.3796015e-03   1.3796015e-03   9.9868337e-01
  -2.7731486e-04   1.5581420e-03   1.5581420e-03   9.9817383e-01
  -1.7585641e-03   1.6906310e-03   1.6906310e-03   9.9964845e-01
  -1.2148833e-03   1.3691660e-03   1.3691660e-03   1.0009648e+00
  -4.4747413e-03   3.8562386e-04   3.8562386e-04   1.0005709e+00
   5.3566188e-03  -6.6687010e-03  -6.6687010e-03   1.0042459e+00
   3.0775176e-02  -6.6911389e-02  -6.6911389e-02   1.0487308e+00
   6.7029719e-02  -7.1077388e-02  -7.1077388e-02   1.0292917e+00
   7.5729940e-02  -1.3430488e-01  -1.3430488e-01   1.0680416e+00
   2.3743682e-02  -2.9494560e-02  -2.9494560e-02   1.0187496e+00
   9.1099383e-03  -6.5191163e-03  -6.5191163e-03   1.0013721e+00
   3.5668110e-02  -2.4577683e-02  -2.4577683e-02   1.0076959e+00
   5.9086036e-02  -1.9133955e-02  -1.9133955e-02   1.0021911e+00
   1.0783034e-01  -5.2539055e-02  -5.2539055e-02   1.0108636e+00
  -1.6941153e-01  -5.6989491e-01  -5.6989491e-01   1.2219584e+00
   9.8302203e-03  -5.9156384e-01  -5.9156384e-01   1.1127326e+00
  -1.3576045e-01  -6.4523451e-01  -6.4523451e-01   1.0556313e+00
  -1.7949781e-01  -4.3945417e-01  -4.3945417e-01   1.3097469e+00
  -4.5647183e-02  -4.9598432e-01  -4.9598432e-01   1.2137366e+00
   5.3820080e-02  -4.0945059e-01  -4.0945059e-01   1.1781600e+00
   2.2246661e-01  -4.1779595e-01  -4.1779595e-01   1.1087164e+00
   1.3161348e-01  -5.1398710e-01  -5.1398710e-01   1.1257918e+00
   3.5147895e-01  -4.8984708e-01  -4.8984708e-01   1.0562732e+00
   2.3271647e-01  -5.6980208e-01  -5.6980208e-01   1.0277871e+00
  -1.6592103e-01  -2.9161038e-01  -2.9161038e-01   1.3205663e+00
  -7.5552710e-02  -3.6488829e-01  -3.6488829e-01   1.2524504e+00
  -8.0812112e-02  -2.3084419e-01  -2.3084419e-01   1.2373634e+00
   5.5443492e-02  -2.0800960e-01  -2.0800960e-01   1.1221278e+00
   4.3598908e-03  -2.8645078e-01  -2.8645078e-01   1.1863214e+00
   1.2250849e-01  -3.1537922e-01  -3.1537922e-01   1.1292083e+00
   1.5514690e-01  -2.1945390e-01  -2.1945390e-01   1.0790108e+00
   2.8086161e-01  -1.9580233e-01  -1.9580233e-01   1.0397321e+00
   2.7452320e-01  -3.0914134e-01  -3.0914134e-01   1.0755574e+00
   1.4947102e-01  -1.2889403e-01  -1.2889403e-01   1.0373504e+00
   1.6576281e-01  -3.7020097e-02  -3.7020097e-02   1.0028432e+00
   2.3800832e-01  -8.8190168e-02  -8.8190168e-02   1.0127452e+00
   3.4465775e-01  -5.8084337e-02  -5.8084337e-02   1.0030750e+00
   4.3517908e-01  -1.2611664e-01  -1.2611664e-01   1.0123270e+00
   4.3195286e-01  -3.8416701e-01  -3.8416701e-01   1.0533280e+00
   6.8763421e-01  -3.0424513e-01  -3.0424513e-01   1.0177022e+00
   6.1614499e-01  -4.2243489e-01  -4.2243489e-01   1.0116398e+00
   4.6323743e-01  -2.5954585e-01  -2.5954585e-01   1.0336669e+00
   6.0031527e-01  -7.8540497e-02  -7.8540497e-02   1.0026608e+00
   6.9602044e-01  -1.5825279e-01  -1.5825279e-01   1.0088600e+00
   9.2093590e-01  -9.3339220e-02  -9.3339220e-02   1.0014706e+00
   1.0013151e+00  -1.7514322e-01  -1.7514322e-01   1.0021841e+00
  -2.6655826e-02  -2.7036549e-01  -2.7036549e-01   4.1166836e-01
   2.5999374e-01  -1.2916005e-01  -1.2916005e-01   5.0943192e-01
  -2.0641132e-02  -6.0288417e-02  -6.0288417e-02   3.7013588e-01
  -5.0365976e-02  -4.9928833e-01  -4.9928833e-01   5.8613211e-01
   2.2829276e-01  -3.7554983e-01  -3.7554983e-01   5.9776201e-01
   4.4766947e-01  -4.3468170e-01  -4.3468170e-01   7.5855311e-01
   7.5492712e-01  -3.0457726e-01  -3.0457726e-01   7.9461425e-01
   5.1793896e-01  -2.3809911e-01  -2.3809911e-01   6.5922814e-01
   8.1660286e-01  -1.0765892e-01  -1.0765892e-01   7.4732956e-01
   5.4036814e-01  -6.0546089e-02  -6.0546089e-02   6.2631065e-01
  -9.0200352e-02  -6.2800620e-01  -6.2800620e-01   8.2498044e-01
   1.6375999e-01  -5.4806931e-01  -5.4806931e-01   7.6555309e-01
   8.4559076e-02  -6.1860103e-01  -6.1860103e-01   9.5438384e-01
   4.9765455e-01  -5.0539165e-01  -5.0539165e-01   9.7495975e-01
   3.4491503e-01  -5.4861298e-01  -5.4861298e-01   8.9533005e-01
   6.4078238e-01  -4.4449886e-01  -4.4449886e-01   8.7917060e-01
   8.0614070e-01  -4.0409605e-01  -4.0409605e-01   9.5569648e-01
   1.1658590e+00  -2.7554862e-01  -2.7554862e-01   9.6344129e-01
   9.7320142e-01  -3.1929355e-01  -3.1929355e-01   8.9824567e-01
   9.3265142e-01  -3.1353522e-01  -3.1353522e-01   9.9278648e-01
   1.2755783e+00  -9.7136495e-02  -9.7136495e-02   9.9956116e-01
   1.3155254e+00  -1.6825471e-01  -1.6825471e-01   9.9313392e-01
   1.6160977e+00  -8.5954105e-02  -8.5954105e-02   9.9728023e-01
   1.5914054e+00  -1.3338856e-01  -1.3338856e-01   9.8379373e-01
   1.0872837e+00  -1.7596023e-01  -1.7596023e-01   8.5609813e-01
   1.4503823e+00  -6.7266095e-02  -6.7266095e-02   9.2266005e-01
   1.1273645e+00  -4.5492132e-02  -4.5492132e-02   8.4114674e-01
   1.3494594e+00  -1.8915934e-01  -1.8915934e-01   9.3748607e-01
   1.8859775e+00  -5.9276178e-02  -5.9276178e-02   9.9524745e-01
   1.7807221e+00  -7.3778886e-02  -7.3778886e-02   9.7689421e-01
   2.0352670e+00  -2.1136210e-02  -2.1136210e-02   9.9407888e-01
   1.8480626e+00  -1.9133403e-02  -1.9133403e-02   9.7440975e-01
   3.6894817e-01   5.5975371e-02   5.5975371e-02   1.8123499e+00
   2.3224737e-01   6.8958058e-02   6.8958058e-02   1.1992473e+00
   1.8923652e-01   2.0128643e-01   2.0128643e-01   1.2068890e+00
   3.0898612e-01   1.9188588e-01   1.9188588e-01   1.7815519e+00
   1.0324300e-01   5.7727570e-02   5.7727570e-02   6.1397178e-01
   1.7170386e-02   2.5720403e-02   2.5720403e-02  -3.7220827e-02
   1.3747949e-02   7.2166640e-02   7.2166640e-02   5.0248549e-02
   8.3062285e-02   1.6295414e-01   1.6295414e-01   6.5604348e-01
   4.5424644e-02   2.3542502e-01   2.3542502e-01   7.3357898e-01
   7.5028736e-03   1.0406586e-01   1.0406586e-01   2.0798371e-01
   3.2559590e-04   1.1559519e-01   1.1559519e-01   4.0445772e-01
   2.1228361e-03   2.6103624e-01   2.6103624e-01   8.2906420e-01
   1.5896905e-01   2.7949755e-01   2.7949755e-01   1.7302850e+00
   1.0155119e-01   2.9140005e-01   2.9140005e-01   1.2281541e+00
   1.7020677e-03   3.1836215e-01   3.1836215e-01   1.2506367e+00
  -6.8604487e-03   2.9792247e-01   2.9792247e-01   1.6699563e+00
  -1.4591542e-01   2.5663671e-01   2.5663671e-01   1.6044059e+00
  -8.1959719e-02   2.8701048e-01   2.8701048e-01   1.2647263e+00
  -1.3186392e-01   2.1247366e-01   2.1247366e-01   1.2625903e+00
  -2.2842728e-01   1.6379834e-01   1.6379834e-01   1.5260759e+00
  -3.4371853e-02   2.4114599e-01   2.4114599e-01   9.2265915e-01
  -5.7035907e-03   1.0720038e-01   1.0720038e-01   6.0329250e-01
  -9.2553409e-03   8.4416636e-02   8.4416636e-02   7.7363678e-01
  -5.6131287e-02   1.8815434e-01   1.8815434e-01   9.9811561e-01
  -6.0492972e-02   1.2063250e-01   1.2063250e-01   1.0457952e+00
  -9.9217318e-03   5.5367340e-02   5.5367340e-02   8.9694217e-01
  -8.1215370e-03   2.8113554e-02   2.8113554e-02   9.6925090e-01
  -4.9950550e-02   5.7069625e-02   5.7069625e-02   1.0643466e+00
  -2.4009567e-01   5.6167507e-02   5.6167507e-02   1.4357654e+00
  -1.4109802e-01   1.2065061e-01   1.2065061e-01   1.2398177e+00
  -1.1613307e-01   3.6114190e-02   3.6114190e-02   1.1988990e+00
  -1.9478772e-01  -3.9255831e-02  -3.9255831e-02   1.3366660e+00
  -1.0526338e-01  -5.1082999e-01  -5.1082999e-01   1.3561348e+00
  -2.7510889e-01  -3.3908564e-01  -3.3908564e-01   1.9588158e+00
  -5.1626992e-01  -3.3679300e-01  -3.3679300e-01   1.7491808e+00
  -5.6195203e-01  -4.5487096e-01  -4.5487096e-01   1.3763084e+00
  -2.8997770e-01  -6.2737325e-02  -6.2737325e-02   2.0680216e+00
  -2.2801711e-01   1.4183666e-01   1.4183666e-01   1.8963769e+00
  -3.3681377e-01   4.4699400e-02   4.4699400e-02   1.7418962e+00
  -4.4140796e-01  -1.3505389e-01  -1.3505389e-01   1.8460874e+00
  -4.5315648e-01  -2.3700938e-01  -2.3700938e-01   1.6567388e+00
  -3.4793532e-01  -6.7926846e-02  -6.7926846e-02   1.5911479e+00
  -2.7607071e-01  -1.6424953e-01  -1.6424953e-01   1.4431771e+00
  -3.5009572e-01  -3.2357984e-01  -3.2357984e-01   1.4822474e+00
  -6.3031459e-01  -5.4938917e-01  -5.4938917e-01   1.3183145e+00
  -5.4509631e-01  -4.1722290e-01  -4.1722290e-01   1.5790824e+00
  -4.0850047e-01  -4.8831483e-01  -4.8831483e-01   1.4187476e+00
  -4.4995450e-01  -6.1447838e-01  -6.1447838e-01   1.2290257e+00
  -1.1354131e-01  -1.0238823e-01  -1.0238823e-01   1.2350042e+00
  -6.9804534e-02  -2.3487490e-02  -2.3487490e-02   1.1457189e+00
  -1.8476225e-02  -4.9228670e-02  -4.9228670e-02   1.0886215e+00
  -2.2179933e-02  -1.2239751e-01  -1.2239751e-01   1.1390022e+00
  -3.0117379e-02   1.1134561e-02   1.1134561e-02   1.0591246e+00
  -4.7838218e-03   8.6490221e-03   8.6490221e-03   9.9920637e-01
  -1.1692801e-03  -2.5886688e-04  -2.5886688e-04   1.0033115e+00
  -8.4707399e-03  -1.0701923e-02  -1.0701923e-02   1.0397036e+00
   5.4959839e-03  -1.0734959e-02  -1.0734959e-02   1.0173342e+00
   9.6031108e-04  -9.8366162e-05  -9.8366162e-05   9.9950088e-01
  -7.5181291e-04   1.8915754e-03   1.8915754e-03   9.9914571e-01
   1.8603229e-04  -1.4805796e-03  -1.4805796e-03   1.0026114e+00
   4.9501537e-02  -9.7835811e-02  -9.7835811e-02   1.0590273e+00
   1.8174144e-02  -4.2078172e-02  -4.2078172e-02   1.0379237e+00
   1.6424202e-02  -1.4333209e-02  -1.4333209e-02   1.0059535e+00
   6.5402901e-02  -3.7378440e-02  -3.7378440e-02   1.0093741e+00
  -1.5537022e-01  -6.1636417e-01  -6.1636417e-01   1.1481234e+00
  -1.7752682e-01  -5.0917973e-01  -5.0917973e-01   1.2761870e+00
   8.9311066e-02  -4.6590894e-01  -4.6590894e-01   1.1578383e+00
   1.7982509e-01  -5.4982985e-01  -5.4982985e-01   1.0821719e+00
  -1.7544833e-01  -3.6551692e-01  -3.6551692e-01   1.3238347e+00
  -1.5174190e-01  -2.2131855e-01  -2.2131855e-01   1.3026465e+00
  -1.0136384e-02  -2.2652333e-01  -2.2652333e-01   1.1767777e+00
   2.5531689e-02  -3.4845059e-01  -3.4845059e-01   1.1872855e+00
   2.0975536e-01  -2.6481508e-01  -2.6481508e-01   1.0794214e+00
   1.1064536e-01  -1.7532514e-01  -1.7532514e-01   1.0749687e+00
   1.6487425e-01  -6.9671213e-02  -6.9671213e-02   1.0120315e+00
   3.2808561e-01  -1.0732106e-01  -1.0732106e-01   1.0128800e+00
   5.2179342e-01  -4.0926216e-01  -4.0926216e-01   1.0347598e+00
   3.4895528e-01  -3.4985149e-01  -3.4985149e-01   1.0669420e+00
   5.5844473e-01  -1.4348837e-01  -1.4348837e-01   1.0110027e+00
   8.4497419e-01  -1.6919390e-01  -1.6919390e-01   1.0058995e+00
  -2.1935560e-02  -1.3182146e-01  -1.3182146e-01   3.7623532e-01
  -3.6075752e-02  -3.9526129e-01  -3.9526129e-01   4.8580375e-01
   4.8827574e-01  -3.4483596e-01  -3.4483596e-01   7.0164341e-01
   5.3503019e-01  -1.2087126e-01  -1.2087126e-01   6.3424430e-01
  -6.8839798e-02  -5.7761188e-01  -5.7761188e-01   7.0255940e-01
  -1.1299844e-01  -6.5066450e-01  -6.5066450e-01   9.4555591e-01
   2.8856462e-01  -5.7034322e-01  -5.7034322e-01   9.6441813e-01
   3.9892019e-01  -5.0330877e-01  -5.0330877e-01   8.2498194e-01
   8.9449456e-01  -3.6998248e-01  -3.6998248e-01   9.2611599e-01
   7.1208161e-01  -4.2130241e-01  -4.2130241e-01   9.8482426e-01
   1.1600814e+00  -1.7508023e-01  -1.7508023e-01   9.9785346e-01
   1.4614099e+00  -1.5431183e-01  -1.5431183e-01   9.8832967e-01
   1.1172719e+00  -9.0009644e-02  -9.0009644e-02   8.4489842e-01
   1.0385199e+00  -2.5365944e-01  -2.5365944e-01   8.7428343e-01
   1.6995511e+00  -1.0615519e-01  -1.0615519e-01   9.7988131e-01
   1.8310261e+00  -3.7806428e-02  -3.7806428e-02   9.7503718e-01
