   4.5527322e-05   3.5750863e-06   3.5750863e-06  -6.7265370e-05
  -2.7463300e-04   9.3655421e-06   9.3655421e-06   5.0716902e-04
  -9.0691425e-04  -7.4456304e-05  -7.4456304e-05   1.4839339e-03
  -1.2440143e-04  -2.8891112e-04  -2.8891112e-04   2.5831745e-04
  -8.2893444e-04   2.9330527e-05   2.9330527e-05   4.9943652e-04
  -1.1313167e-04  -3.0484443e-05  -3.0484443e-05   1.2097842e-04
   4.0320351e-04  -5.1652053e-06  -5.1652053e-06  -1.0886003e-04
   1.2444022e-04  -4.6788177e-05  -4.6788177e-05   7.8054636e-05
  -1.6341970e-04  -1.3279373e-05  -1.3279373e-05   2.7027697e-04
  -1.9314195e-04   5.9533468e-07   5.9533468e-07   2.8958508e-04
  -1.8902322e-04   4.5643088e-06   4.5643088e-06   2.8315962e-04
  -8.0406147e-05   3.1052705e-05   3.1052705e-05   1.2043229e-04
  -3.8124875e-04   1.1655660e-04   1.1655660e-04   5.4549375e-04
  -3.1215797e-04  -6.3875124e-05  -6.3875124e-05   4.2274196e-04
  -2.9513841e-04  -3.1619919e-04  -3.1619919e-04   3.7049128e-04
  -4.6045450e-04  -3.6261745e-05  -3.6261745e-05   7.7334311e-04
  -4.6387957e-04   1.0020657e-06   1.0020657e-06   8.1654490e-04
  -3.0092621e-04   1.0788549e-04   1.0788549e-04   5.1654144e-04
  -4.7356571e-04  -1.0490937e-04  -1.0490937e-04   6.7444466e-04
  -5.1897782e-04  -6.0963317e-04  -6.0963317e-04   9.5357926e-04
  -3.4834664e-04  -1.8908851e-04  -1.8908851e-04   2.7865203e-04
  -4.3603104e-04   1.9547159e-04   1.9547159e-04   2.6084669e-04
  -4.2667068e-04  -2.4518714e-04  -2.4518714e-04   4.7126715e-04
  -1.6643027e-04  -2.4495115e-04  -2.4495115e-04   1.9253598e-04
  -3.1993287e-04  -2.9016391e-05  -2.9016391e-05   2.0186834e-04
  -1.2624383e-04   1.5944260e-05   1.5944260e-05   2.2997213e-04
   6.6839303e-06   2.4814239e-05   2.4814239e-05  -9.3944741e-06
  -2.1457225e-04   1.4124091e-04   1.4124091e-04   3.1485427e-04
  -1.5619389e-04   1.9008524e-05   1.9008524e-05   2.3371141e-04
  -2.3473261e-04   1.1061458e-05   1.1061458e-05   3.3616225e-04
  -3.9192115e-04   2.7385555e-05   2.7385555e-05   5.1602575e-04
  -3.5067663e-04  -2.0791554e-04  -2.0791554e-04   4.5663160e-04
  -1.9221813e-04  -8.8761994e-08  -8.8761994e-08   2.8835497e-04
  -1.9356055e-04  -1.1463957e-06  -1.1463957e-06   2.9011550e-04
  -2.0481897e-04  -7.6726353e-05  -7.6726353e-05   3.1531197e-04
  -5.9508067e-05  -3.3157198e-05  -3.3157198e-05   2.0106790e-04
  -7.4040039e-05  -2.4436891e-04  -2.4436891e-04   2.1327991e-04
   3.1839250e-04  -3.5919211e-05  -3.5919211e-05  -5.1955294e-05
   9.5590559e-05  -2.6207271e-05  -2.6207271e-05   5.5583936e-05
  -1.5403200e-04   1.1392734e-04   1.1392734e-04   2.5647363e-04
  -2.4791673e-04   8.1981534e-05   8.1981534e-05   3.4825137e-04
  -4.8278619e-04  -1.3587929e-04  -1.3587929e-04   6.0044116e-04
  -2.0145586e-04  -1.3280251e-05  -1.3280251e-05   3.0235897e-04
  -1.6803478e-04  -1.7799754e-04  -1.7799754e-04   2.9270755e-04
   4.2684293e-05  -1.8520719e-04  -1.8520719e-04   1.0569669e-04
  -3.6616927e-04   2.5940386e-05   2.5940386e-05   6.6440256e-04
  -3.7819182e-04   5.9335821e-05   5.9335821e-05   6.4272843e-04
  -4.7732051e-04  -2.7658227e-05  -2.7658227e-05   8.3478335e-04
  -4.0899984e-04   6.9877526e-05   6.9877526e-05   6.3365708e-04
  -3.3707900e-04   1.3191648e-04   1.3191648e-04   5.2522876e-04
  -6.5952257e-04  -1.5313501e-04  -1.5313501e-04   1.0897016e-03
  -6.4067119e-04  -8.0850528e-06  -8.0850528e-06   1.0717588e-03
  -3.5138351e-04   6.3246635e-06   6.3246635e-06   6.4525755e-04
  -2.7778451e-04   5.6303694e-05   5.6303694e-05   5.1282113e-04
  -4.6265689e-04  -6.6390300e-05  -6.6390300e-05   7.2546931e-04
  -4.3312956e-04  -3.0877652e-04  -3.0877652e-04   7.1736452e-04
  -5.5367348e-04  -2.6649580e-04  -2.6649580e-04   9.1866107e-04
  -8.1534861e-04  -4.3435812e-04  -4.3435812e-04   1.3465517e-03
  -4.5699487e-04   3.2069613e-05   3.2069613e-05   6.4593030e-04
  -2.2790761e-04  -5.4434146e-04  -5.4434146e-04   5.2333726e-04
  -3.5709220e-04  -2.6621858e-04  -2.6621858e-04   5.4010740e-04
  -3.8034653e-04  -2.3843824e-04  -2.3843824e-04   3.5895891e-04
  -4.4018388e-04  -3.7308406e-05  -3.7308406e-05   3.1458183e-04
  -3.5602673e-04  -1.0308026e-04  -1.0308026e-04   3.1490598e-04
  -3.1275752e-04  -3.0046353e-04  -3.0046353e-04   3.3009613e-04
  -3.9126388e-04  -2.9843461e-04  -2.9843461e-04   4.4361281e-04
  -5.3264693e-04  -6.0838303e-06  -6.0838303e-06   3.4168728e-04
  -7.2487781e-04   2.0302232e-04   2.0302232e-04   4.4278289e-04
  -1.7125427e-04   2.3660145e-06   2.3660145e-06   1.4355484e-04
  -3.2335422e-04  -1.9622180e-04  -1.9622180e-04   3.8913065e-04
  -2.3043487e-04  -1.2585607e-04  -1.2585607e-04   1.7367081e-04
  -3.4689885e-04  -9.5285340e-05  -9.5285340e-05   2.2910372e-04
  -2.5743323e-04  -2.3745071e-04  -2.3745071e-04   2.3440478e-04
  -5.0435850e-04  -2.3491177e-05  -2.3491177e-05   3.0572741e-04
  -2.2279490e-04  -3.0947889e-04  -3.0947889e-04   2.7449607e-04
  -1.2807699e-04  -1.3113594e-04  -1.3113594e-04   1.3540884e-04
  -2.0414784e-04  -3.1178764e-05  -3.1178764e-05   1.4818565e-04
  -2.0156191e-04   1.4545318e-05   1.4545318e-05   3.7586673e-04
  -1.3286931e-04   6.2600567e-05   6.2600567e-05   2.3627681e-04
  -2.2950095e-04   1.2427705e-04   1.2427705e-04   3.9136235e-04
  -4.1387153e-05   1.0896503e-05   1.0896503e-05   7.5040113e-05
   3.5318907e-05   1.3785733e-05   1.3785733e-05  -5.2053734e-05
  -7.0692687e-05   7.5965422e-05   7.5965422e-05   1.1408124e-04
  -3.4592421e-05   3.0818541e-05   3.0818541e-05   5.2110195e-05
  -1.3567308e-04   9.5557618e-05   9.5557618e-05   2.0137416e-04
  -1.8445259e-04   1.4123744e-04   1.4123744e-04   2.8564278e-04
  -2.9754709e-04   1.4816826e-04   1.4816826e-04   4.3168618e-04
  -2.3721012e-04   1.1842708e-04   1.1842708e-04   3.3723125e-04
  -3.1966937e-04   7.0970672e-05   7.0970672e-05   4.3366537e-04
  -3.9969444e-04   7.9676461e-05   7.9676461e-05   5.4040955e-04
  -1.2283917e-04   2.6448999e-05   2.6448999e-05   1.8379815e-04
  -1.8745522e-04   5.8900657e-05   5.8900657e-05   2.7383991e-04
  -1.7800892e-04   1.1053264e-05   1.1053264e-05   2.6647644e-04
  -2.0289227e-04   1.3857026e-05   1.3857026e-05   2.9941964e-04
  -2.4620314e-04   4.3080081e-05   4.3080081e-05   3.4712857e-04
  -2.7404463e-04  -1.4751676e-05  -1.4751676e-05   3.8078267e-04
  -3.6046618e-04  -2.4621565e-05  -2.4621565e-05   4.7506873e-04
  -4.9353500e-04  -1.0013452e-04  -1.0013452e-04   6.4076665e-04
  -4.6949405e-04  -2.1736443e-04  -2.1736443e-04   5.6043389e-04
  -4.5188932e-04  -4.5199665e-05  -4.5199665e-05   5.7876792e-04
  -3.4050263e-04  -1.3164622e-04  -1.3164622e-04   4.5150257e-04
  -4.3119620e-04  -1.7987420e-04  -1.7987420e-04   5.3692205e-04
  -3.3633753e-04  -2.7647013e-04  -2.7647013e-04   4.3001173e-04
  -2.1793509e-04  -8.2328372e-06  -8.2328372e-06   3.1946592e-04
  -2.0599391e-04  -3.7962326e-05  -3.7962326e-05   3.1103163e-04
  -2.5659695e-04  -8.2399246e-05  -8.2399246e-05   3.6656487e-04
  -1.9235189e-04   7.7689110e-07   7.7689110e-07   2.8837009e-04
  -1.9571397e-04  -2.2166688e-06  -2.2166688e-06   2.9363133e-04
  -1.9230132e-04   7.1373084e-07   7.1373084e-07   2.8848459e-04
  -1.9427648e-04   8.6342642e-07   8.6342642e-07   2.9045853e-04
  -1.9206211e-04  -7.5150931e-06  -7.5150931e-06   2.9112636e-04
  -1.8526919e-04  -5.8441580e-06  -5.8441580e-06   2.8471995e-04
  -1.6991590e-04  -4.7443430e-05  -4.7443430e-05   2.7964102e-04
  -2.5808473e-04  -2.0888596e-04  -2.0888596e-04   3.7170388e-04
  -1.2757536e-04  -2.2173227e-04  -2.2173227e-04   2.5988995e-04
  -1.8766651e-04  -2.9726013e-04  -2.9726013e-04   2.9244464e-04
  -1.9334456e-04  -1.2595502e-04  -1.2595502e-04   3.1051514e-04
  -1.2255708e-04  -2.2860878e-05  -2.2860878e-05   2.4311138e-04
  -9.4420537e-05  -1.1055445e-04  -1.1055445e-04   2.2996361e-04
   2.4873891e-05  -4.1995095e-05  -4.1995095e-05   1.4468531e-04
   4.0143574e-05  -1.5170045e-04  -1.5170045e-04   1.3515090e-04
  -7.2760943e-05  -2.2870928e-04  -2.2870928e-04   1.5717847e-04
   8.2034330e-05  -1.0183232e-04  -1.0183232e-04   6.8444433e-05
  -2.0713063e-05  -3.0520628e-05  -3.0520628e-05   9.4326822e-05
  -1.3654391e-05  -2.3422903e-04  -2.3422903e-04   1.5834879e-04
   2.2751624e-04  -4.5163817e-05  -4.5163817e-05   8.9898407e-06
   1.8340292e-04  -1.1485805e-04  -1.1485805e-04   3.0523967e-05
   3.8092579e-04  -1.9903340e-05  -1.9903340e-05  -9.3911670e-05
   2.4608725e-04  -1.6427285e-05  -1.6427285e-05  -1.5891940e-05
  -2.0494885e-04   6.6277007e-05   6.6277007e-05   3.7638052e-04
  -4.9000537e-05   4.2101246e-05   4.2101246e-05   8.5211127e-05
  -1.0188928e-04   9.4557683e-05   9.4557683e-05   1.5572778e-04
  -2.6542885e-04   1.5217331e-04   1.5217331e-04   4.1348792e-04
  -3.1807660e-04   1.1745784e-04   1.1745784e-04   4.4043236e-04
  -1.6564330e-04   8.1684729e-05   8.1684729e-05   2.4269977e-04
  -1.9953465e-04   3.4267260e-05   3.4267260e-05   2.9241575e-04
  -3.0332901e-04   2.3240327e-05   2.3240327e-05   4.1240837e-04
  -4.3920072e-04  -1.9791983e-04  -1.9791983e-04   5.5953262e-04
  -4.6684522e-04   5.3503187e-06   5.3503187e-06   6.1783152e-04
  -4.0690576e-04  -9.5935522e-05  -9.5935522e-05   5.2146525e-04
  -4.2413371e-04  -2.5690191e-04  -2.5690191e-04   5.0891823e-04
  -2.3879256e-04  -3.5973243e-05  -3.5973243e-05   3.4462104e-04
  -2.0034565e-04   1.4557474e-06   1.4557474e-06   2.9826782e-04
  -1.9310402e-04  -2.5548930e-07  -2.5548930e-07   2.9024687e-04
  -1.8580106e-04  -2.3182935e-05  -2.3182935e-05   2.8867089e-04
  -2.3214984e-04  -2.6571224e-04  -2.6571224e-04   3.4319818e-04
  -2.6496117e-04  -1.4313221e-04  -1.4313221e-04   3.7789671e-04
  -1.4027056e-04  -7.8143071e-05  -7.8143071e-05   2.6078045e-04
  -3.2844693e-05  -1.3774836e-04  -1.3774836e-04   1.8715007e-04
  -3.2156281e-05  -1.2455176e-04  -1.2455176e-04   1.0846619e-04
  -1.3005717e-04  -2.8792278e-04  -2.8792278e-04   2.2523788e-04
   1.1612734e-04  -1.4523336e-04  -1.4523336e-04   7.9998301e-05
   2.2967794e-04  -6.3412800e-05  -6.3412800e-05  -3.7315216e-06
  -4.1557608e-04   1.1480135e-05   1.1480135e-05   7.2410822e-04
  -4.1564254e-04   3.5229641e-06   3.5229641e-06   7.4228703e-04
  -3.7129268e-04   4.3206528e-05   4.3206528e-05   6.5476973e-04
  -4.1407502e-04  -4.0447147e-06  -4.0447147e-06   7.5142894e-04
  -4.7897610e-04  -1.8459624e-05  -1.8459624e-05   8.4970897e-04
  -3.3373025e-04   6.5677940e-05   6.5677940e-05   5.9344970e-04
  -3.4514146e-04   8.5364654e-05   8.5364654e-05   5.8929080e-04
  -4.1486966e-04   2.1816178e-05   2.1816178e-05   7.0032867e-04
  -4.6840959e-04  -3.1688320e-05  -3.1688320e-05   8.0376984e-04
  -3.6015578e-04   9.9569679e-05   9.9569679e-05   5.8596370e-04
  -3.7585063e-04   1.0640931e-04   1.0640931e-04   5.8331869e-04
  -3.8863603e-04   7.2944171e-05   7.2944171e-05   6.3068042e-04
  -4.0029297e-04   9.7796203e-05   9.7796203e-05   5.9263743e-04
  -3.5425597e-04   1.3183302e-04   1.3183302e-04   5.2867178e-04
  -4.2455395e-04   2.2187785e-05   2.2187785e-05   6.8825654e-04
  -3.1850643e-04   1.2413750e-04   1.2413750e-04   5.2071026e-04
  -5.6216170e-04  -3.8848424e-05  -3.8848424e-05   9.7030373e-04
  -5.5534476e-04  -7.3693237e-05  -7.3693237e-05   9.4541421e-04
  -6.7225268e-04  -6.8950695e-05  -6.8950695e-05   1.1243391e-03
  -5.3613780e-04  -1.0500828e-04  -1.0500828e-04   9.0115542e-04
  -8.3136768e-04  -1.2901632e-04  -1.2901632e-04   1.3349793e-03
  -7.7180228e-04  -1.2304685e-05  -1.2304685e-05   1.2560165e-03
  -5.4134705e-04  -3.0763804e-06  -3.0763804e-06   9.2961509e-04
  -3.2057465e-04   1.4695942e-05   1.4695942e-05   5.9981843e-04
  -3.2569848e-04   4.2262335e-05   4.2262335e-05   5.9748288e-04
  -3.6241391e-04   6.5576410e-06   6.5576410e-06   6.6950172e-04
  -2.8700188e-04   8.4715815e-05   8.4715815e-05   5.1381148e-04
  -4.0181547e-04   4.2079891e-06   4.2079891e-06   7.2338234e-04
  -3.1013731e-04   7.6050691e-06   7.6050691e-06   5.7937483e-04
  -2.7590768e-04   2.2425745e-05   2.2425745e-05   5.1462517e-04
  -4.9530874e-04  -3.0162185e-04  -3.0162185e-04   8.2124075e-04
  -4.8903658e-04  -1.5681559e-04  -1.5681559e-04   7.9659371e-04
  -4.6652724e-04  -1.7725410e-04  -1.7725410e-04   7.4010232e-04
  -4.5693330e-04  -4.4680696e-05  -4.4680696e-05   7.4316027e-04
  -5.1196004e-04  -1.2509893e-04  -1.2509893e-04   8.4850217e-04
  -4.6728323e-04  -8.3685340e-05  -8.3685340e-05   6.9984592e-04
  -4.4568555e-04  -1.9090279e-04  -1.9090279e-04   6.8386120e-04
  -4.5513363e-04  -4.8951952e-04  -4.8951952e-04   7.9501806e-04
  -5.7895184e-04  -4.6396918e-04  -4.6396918e-04   9.6698829e-04
  -6.0840555e-04  -2.1322706e-04  -2.1322706e-04   1.0033165e-03
  -6.9156685e-04  -3.9526247e-04  -3.9526247e-04   1.1211368e-03
  -7.9189175e-04  -2.8077496e-04  -2.8077496e-04   1.2550031e-03
  -9.1777281e-04  -2.5629290e-04  -2.5629290e-04   1.4777857e-03
  -6.7520388e-04  -5.4872830e-04  -5.4872830e-04   1.1631332e-03
  -4.5886080e-04  -5.8027103e-06  -5.8027103e-06   6.8034543e-04
  -4.3920431e-04   1.4629293e-05   1.4629293e-05   6.8198838e-04
  -4.3075057e-04   5.8344364e-05   5.8344364e-05   6.3752287e-04
  -4.2522109e-04   7.9513201e-05   7.9513201e-05   6.0315900e-04
  -4.7624879e-04  -2.8814956e-05  -2.8814956e-05   6.7301472e-04
  -3.8524324e-04  -2.9674419e-04  -2.9674419e-04   6.2144852e-04
  -2.5000388e-04  -4.1618208e-04  -4.1618208e-04   4.7686318e-04
  -3.4244174e-04  -4.6854057e-04  -4.6854057e-04   6.2744886e-04
  -1.3221469e-04  -4.3650682e-04  -4.3650682e-04   3.4825281e-04
  -2.1701696e-04  -3.1436959e-04  -3.1436959e-04   3.7460215e-04
  -3.6049998e-04  -6.0244495e-04  -6.0244495e-04   7.2826832e-04
  -4.3841222e-04  -1.8915344e-04  -1.8915344e-04   6.3389308e-04
  -3.9569238e-04  -6.3985308e-05  -6.3985308e-05   3.1061290e-04
  -3.8505897e-04  -1.7755554e-04  -1.7755554e-04   3.5208284e-04
  -3.8972304e-04  -1.5504063e-04  -1.5504063e-04   3.2166915e-04
  -4.0104995e-04  -2.4836390e-04  -2.4836390e-04   4.0962569e-04
  -3.8671075e-04  -1.9580331e-04  -1.9580331e-04   3.9052833e-04
  -3.5798827e-04  -2.2134599e-04  -2.2134599e-04   3.1228181e-04
  -3.9650934e-04  -1.3146001e-04  -1.3146001e-04   2.9897342e-04
  -4.5858947e-04   1.0494670e-04   1.0494670e-04   3.0956972e-04
  -3.5297134e-04   6.0165816e-05   6.0165816e-05   2.5508691e-04
  -3.8377213e-04  -2.8364738e-04  -2.8364738e-04   4.0191690e-04
  -3.4761306e-04  -3.0876212e-04  -3.0876212e-04   3.8026722e-04
  -3.4875304e-04  -2.7775849e-04  -2.7775849e-04   3.4585272e-04
  -3.0974314e-04  -3.1891844e-04  -3.1891844e-04   3.5836317e-04
  -3.4981055e-04  -3.1146393e-04  -3.1146393e-04   4.1205351e-04
  -3.2092725e-04  -2.5627676e-04  -2.5627676e-04   2.9900270e-04
  -4.1909113e-04  -2.7607379e-04  -2.7607379e-04   4.6478240e-04
  -4.8325117e-04  -1.9877652e-05  -1.9877652e-05   3.2533286e-04
  -6.5620952e-04   9.4788803e-05   9.4788803e-05   4.2701468e-04
  -5.6242191e-04   1.1731851e-04   1.1731851e-04   3.6878588e-04
  -4.1205789e-04  -9.6949119e-05  -9.6949119e-05   2.8715741e-04
  -7.1246135e-04   3.9024725e-05   3.9024725e-05   4.4677005e-04
  -8.2680461e-04   1.3037264e-04   1.3037264e-04   5.1263087e-04
  -5.8629992e-04   2.2245941e-04   2.2245941e-04   3.5181733e-04
  -3.2804836e-04  -1.4772093e-04  -1.4772093e-04   3.3553930e-04
  -2.6167982e-04  -1.4068852e-05  -1.4068852e-05   2.2085479e-04
  -1.9780932e-04  -1.0666571e-04  -1.0666571e-04   2.1690352e-04
  -2.8794317e-04   1.1730258e-04   1.1730258e-04   1.8371593e-04
  -9.4596405e-05  -1.4018380e-04  -1.4018380e-04   1.4686407e-04
  -1.9546790e-04  -2.2125049e-04  -2.2125049e-04   2.8712798e-04
  -3.9661449e-04  -2.1338234e-04  -2.1338234e-04   4.4780197e-04
  -2.8873369e-04  -1.7052986e-04  -1.7052986e-04   2.2099533e-04
  -2.4169381e-04  -1.8605451e-04  -1.8605451e-04   1.9974372e-04
  -2.8308977e-04  -1.1436832e-04  -1.1436832e-04   1.9699211e-04
  -1.9988664e-04  -1.9427842e-04  -1.9427842e-04   1.8254276e-04
  -2.1986012e-04  -2.4594376e-04  -2.4594376e-04   2.1782923e-04
  -2.7865726e-04  -5.3535875e-05  -5.3535875e-05   1.8153087e-04
  -3.4671757e-04  -4.4663769e-05  -4.4663769e-05   2.1515236e-04
  -3.4279879e-04  -1.4499388e-04  -1.4499388e-04   2.4779929e-04
  -2.9694352e-04  -2.2039404e-04  -2.2039404e-04   2.5254250e-04
  -4.3320214e-04  -3.0530456e-05  -3.0530456e-05   2.6313397e-04
  -5.4787448e-04  -7.7306425e-06  -7.7306425e-06   3.3319316e-04
  -4.2563916e-04  -6.3376143e-05  -6.3376143e-05   2.7385082e-04
  -6.4571863e-04  -2.0360437e-05  -2.0360437e-05   3.9358443e-04
  -3.9995863e-04  -2.6674486e-05  -2.6674486e-05   2.4491755e-04
  -2.4431613e-04  -2.8504932e-04  -2.8504932e-04   2.5963469e-04
  -2.7746579e-04  -2.7781044e-04  -2.7781044e-04   2.7581800e-04
  -2.7155212e-04  -3.1021464e-04  -3.1021464e-04   3.0428434e-04
  -2.5245408e-04  -3.2122049e-04  -3.2122049e-04   3.1700855e-04
  -1.9346671e-04  -2.8417386e-04  -2.8417386e-04   2.3210888e-04
  -1.7735970e-04  -6.2629357e-05  -6.2629357e-05   1.4051531e-04
  -2.2345985e-04  -5.9087429e-05  -5.9087429e-05   1.5767354e-04
  -1.8563987e-04  -1.3240485e-04  -1.3240485e-04   1.5630840e-04
  -2.5619369e-04  -3.0540042e-05  -3.0540042e-05   1.7079323e-04
  -1.4399912e-04  -1.9313569e-04  -1.9313569e-04   1.5935693e-04
  -1.2055527e-04  -6.1165116e-05  -6.1165116e-05   1.2386733e-04
  -1.6113156e-04  -3.1232513e-05  -3.1232513e-05   1.3182237e-04
  -2.4520399e-04   9.1669209e-06   9.1669209e-06   4.5572495e-04
  -2.0157143e-04   3.1790116e-05   3.1790116e-05   3.7517136e-04
  -2.4450485e-04   6.1695707e-05   6.1695707e-05   4.5274289e-04
  -1.6312927e-04   1.6394617e-05   1.6394617e-05   3.0175065e-04
  -1.2781524e-04   3.1788003e-05   3.1788003e-05   2.3146429e-04
  -1.6894273e-04   6.6541690e-05   6.6541690e-05   3.0588571e-04
  -1.4174291e-04   9.0626161e-05   9.0626161e-05   2.4473944e-04
  -1.9168100e-04   1.2248082e-04   1.2248082e-04   3.2355235e-04
  -2.1472170e-04   9.8279848e-05   9.8279848e-05   3.8221002e-04
  -2.6972550e-04   1.1764910e-04   1.1764910e-04   4.6263457e-04
  -8.6928952e-05   1.4061104e-05   1.4061104e-05   1.5590196e-04
  -4.3301273e-05   2.1552602e-05   2.1552602e-05   7.7601650e-05
  -9.3897793e-05   5.4565568e-05   5.4565568e-05   1.6395610e-04
   1.4473095e-05   6.2819504e-06   6.2819504e-06  -1.7461945e-05
   4.2944601e-05   7.0652917e-06   7.0652917e-06  -6.3416456e-05
   5.3238604e-06   2.4233695e-05   2.4233695e-05  -4.1524898e-06
   2.3023706e-05   1.9811323e-05   1.9811323e-05  -3.3736124e-05
  -2.0416764e-05   4.3658987e-05   4.3658987e-05   3.3252114e-05
  -5.8283606e-05   6.0579396e-05   6.0579396e-05   9.7573205e-05
  -1.1442295e-04   9.8739433e-05   9.8739433e-05   1.8752518e-04
  -8.5518013e-05   8.7449636e-05   8.7449636e-05   1.3383172e-04
  -1.4385402e-04   1.2278118e-04   1.2278118e-04   2.2147951e-04
  -1.6870128e-04   1.3104025e-04   1.3104025e-04   2.7051166e-04
  -1.2854864e-05   2.8534621e-05   2.8534621e-05   1.9715574e-05
  -5.7514182e-05   5.4307972e-05   5.4307972e-05   8.7209801e-05
  -5.7459901e-05   3.1632182e-05   3.1632182e-05   8.6203104e-05
  -9.8510213e-05   5.4857732e-05   5.4857732e-05   1.4705652e-04
  -1.1889443e-04   9.7185198e-05   9.7185198e-05   1.7861192e-04
  -1.7448751e-04   1.2368505e-04   1.2368505e-04   2.5748776e-04
  -2.0006726e-04   1.4448729e-04   1.4448729e-04   3.0073084e-04
  -2.4713063e-04   1.4248306e-04   1.4248306e-04   4.0232016e-04
  -3.0709375e-04   1.4352615e-04   1.4352615e-04   4.7844413e-04
  -2.2468730e-04   1.5103142e-04   1.5103142e-04   3.4933471e-04
  -2.5569829e-04   1.4930675e-04   1.4930675e-04   3.7308627e-04
  -2.8253373e-04   1.5371960e-04   1.5371960e-04   4.2347899e-04
  -3.3958648e-04   1.3749746e-04   1.3749746e-04   4.9002645e-04
  -3.0984095e-04   1.3584414e-04   1.3584414e-04   4.3772394e-04
  -3.5957261e-04   1.0326792e-04   1.0326792e-04   4.9184377e-04
  -3.9382678e-04   1.0167562e-04   1.0167562e-04   5.4582699e-04
  -2.2718103e-04   1.3221752e-04   1.3221752e-04   3.2724947e-04
  -2.7693744e-04   1.2244661e-04   1.2244661e-04   3.8837950e-04
  -2.4418136e-04   1.0119865e-04   1.0119865e-04   3.4430226e-04
  -2.8304779e-04   8.0643969e-05   8.0643969e-05   3.9044639e-04
  -3.2132856e-04   9.5179322e-05   9.5179322e-05   4.3903395e-04
  -3.5645456e-04   5.3121178e-05   5.3121178e-05   4.7616721e-04
  -3.9901222e-04   5.4405331e-05   5.4405331e-05   5.3046183e-04
  -1.5146606e-04   9.0161071e-05   9.0161071e-05   2.2301740e-04
  -1.9977501e-04   1.0509794e-04   1.0509794e-04   2.8822175e-04
  -1.0247054e-04   2.9246999e-05   2.9246999e-05   1.5336825e-04
  -1.3619181e-04   4.6889496e-05   4.6889496e-05   2.0239608e-04
  -1.4088545e-04   2.2936915e-05   2.2936915e-05   2.1078661e-04
  -1.6542428e-04   3.3861316e-05   3.3861316e-05   2.4573736e-04
  -1.7773511e-04   7.0963324e-05   7.0963324e-05   2.5977824e-04
  -2.1556931e-04   7.4818390e-05   7.4818390e-05   3.0876747e-04
  -1.9470074e-04   4.6393168e-05   4.6393168e-05   2.8470628e-04
  -2.2084909e-04   4.2170869e-05   4.2170869e-05   3.1756706e-04
  -2.4849890e-04   6.2184494e-05   6.2184494e-05   3.4911740e-04
  -1.6856585e-04   1.4957404e-05   1.4957404e-05   2.5227240e-04
  -1.8404701e-04   1.9830046e-05   1.9830046e-05   2.7383046e-04
  -1.8471393e-04   7.5276676e-06   7.5276676e-06   2.7660349e-04
  -1.9280772e-04   8.2786089e-06   8.2786089e-06   2.8762475e-04
  -2.0215998e-04   2.3233892e-05   2.3233892e-05   2.9719408e-04
  -2.1730502e-04   1.5113196e-05   1.5113196e-05   3.1611696e-04
  -2.4144232e-04   2.5752000e-05   2.5752000e-05   3.4265175e-04
  -3.1348636e-04   4.6494451e-05   4.6494451e-05   4.2463924e-04
  -3.3253889e-04   2.6394620e-06   2.6394620e-06   4.4488509e-04
  -3.7882160e-04   4.7290395e-07   4.7290395e-07   4.9737200e-04
  -2.7413083e-04   3.6777607e-05   3.6777607e-05   3.7928917e-04
  -2.5400838e-04   1.1673672e-06   1.1673672e-06   3.5815687e-04
  -2.8990522e-04   2.4843007e-06   2.4843007e-06   3.9755892e-04
  -2.9378223e-04  -3.6572642e-05  -3.6572642e-05   4.0274608e-04
  -3.3785820e-04  -4.6452777e-05  -4.6452777e-05   4.4989019e-04
  -3.9552689e-04  -2.2046649e-04  -2.2046649e-04   5.4193025e-04
  -3.7693025e-04  -2.1461660e-04  -2.1461660e-04   4.7233665e-04
  -4.8468982e-04  -9.5914269e-05  -9.5914269e-05   6.5536034e-04
  -4.7838117e-04  -1.5483989e-04  -1.5483989e-04   6.1572373e-04
  -4.9338318e-04  -1.1491288e-04  -1.1491288e-04   6.2322817e-04
  -4.8205873e-04  -1.8029447e-04  -1.8029447e-04   5.8893361e-04
  -4.6487903e-04  -2.0069148e-04  -2.0069148e-04   5.6716047e-04
  -4.4678819e-04  -2.4090248e-04  -2.4090248e-04   5.1595763e-04
  -4.6336639e-04   2.4282813e-05   2.4282813e-05   6.3127135e-04
  -4.8772382e-04  -4.4393322e-05  -4.4393322e-05   6.3910217e-04
  -4.3632025e-04   4.6925526e-05   4.6925526e-05   5.8346870e-04
  -4.2438623e-04  -5.6931662e-06  -5.6931662e-06   5.5106463e-04
  -4.6334958e-04  -1.8718841e-05  -1.8718841e-05   6.0065921e-04
  -4.7212792e-04  -8.9522113e-05  -8.9522113e-05   5.9620289e-04
  -4.3275603e-04  -7.1639054e-05  -7.1639054e-05   5.5217587e-04
  -4.2250544e-04  -1.3732219e-04  -1.3732219e-04   5.3395881e-04
  -4.6162640e-04  -1.5873056e-04  -1.5873056e-04   5.7150697e-04
  -3.8573888e-04  -5.7842464e-05  -5.7842464e-05   5.0121101e-04
  -3.2809246e-04  -9.5925094e-05  -9.5925094e-05   4.3944064e-04
  -3.7565089e-04  -1.1638130e-04  -1.1638130e-04   4.8754013e-04
  -3.4834253e-04  -1.6958976e-04  -1.6958976e-04   4.5762588e-04
  -3.9347317e-04  -1.9681469e-04  -1.9681469e-04   4.9810137e-04
  -4.5435476e-04  -2.3838855e-04  -2.3838855e-04   5.3985468e-04
  -4.0831240e-04  -2.8439259e-04  -2.8439259e-04   4.7740651e-04
  -4.3190716e-04  -2.2085919e-04  -2.2085919e-04   5.2886913e-04
  -3.4679024e-04  -2.4439458e-04  -2.4439458e-04   4.4759454e-04
  -3.8365218e-04  -2.7004864e-04  -2.7004864e-04   4.7147366e-04
  -3.1941008e-04  -3.0120453e-04  -3.0120453e-04   4.0386722e-04
  -2.5667155e-04  -2.7723000e-05  -2.7723000e-05   3.6285422e-04
  -2.4847947e-04  -5.7010197e-05  -5.7010197e-05   3.5645720e-04
  -2.8462602e-04  -7.6043788e-05  -7.6043788e-05   3.9461490e-04
  -2.2667317e-04  -3.8014418e-07  -3.8014418e-07   3.2822223e-04
  -2.2834350e-04  -1.9683823e-05  -1.9683823e-05   3.3198586e-04
  -2.0925868e-04  -1.2446721e-05  -1.2446721e-05   3.1059169e-04
  -2.0413965e-04  -2.3794177e-05  -2.3794177e-05   3.0694948e-04
  -2.2150084e-04  -3.9339827e-05  -3.9339827e-05   3.2700762e-04
  -2.0641972e-04  -5.5714390e-05  -5.5714390e-05   3.1401954e-04
  -2.2948477e-04  -8.2644392e-05  -8.2644392e-05   3.3971941e-04
  -2.0213312e-04   6.5301724e-06   6.5301724e-06   2.9958667e-04
  -2.0835296e-04  -1.3880026e-06  -1.3880026e-06   3.0794740e-04
  -1.9139315e-04   2.2918566e-06   2.2918566e-06   2.8682096e-04
  -1.9458902e-04   1.3776683e-06   1.3776683e-06   2.9117934e-04
  -1.9245230e-04   1.4204497e-08   1.4204497e-08   2.8862461e-04
  -1.9331445e-04  -4.8952023e-07  -4.8952023e-07   2.9002543e-04
  -1.9803221e-04  -1.3768848e-06  -1.3768848e-06   2.9607674e-04
  -1.9849877e-04  -6.2364461e-06  -6.2364461e-06   2.9778730e-04
  -1.9391031e-04  -1.5773568e-06  -1.5773568e-06   2.9151763e-04
  -1.9299762e-04  -2.9164849e-06  -2.9164849e-06   2.9094437e-04
  -1.9541008e-04  -1.1320964e-05  -1.1320964e-05   2.9558432e-04
  -1.9208079e-04   2.6271633e-07   2.6271633e-07   2.8818723e-04
  -1.9264950e-04   6.6601454e-07   6.6601454e-07   2.8914067e-04
  -1.9283113e-04   7.5220646e-07   7.5220646e-07   2.8917976e-04
  -1.9354494e-04   8.1616669e-07   8.1616669e-07   2.8989293e-04
  -1.9364164e-04   6.6097669e-07   6.6097669e-07   2.9016922e-04
  -1.9450983e-04   1.8616324e-07   1.8616324e-07   2.9068464e-04
  -1.9237177e-04  -3.2193729e-06  -3.2193729e-06   2.8985063e-04
  -1.9359935e-04  -3.2302050e-05  -3.2302050e-05   2.9782752e-04
  -1.7934426e-04  -3.4313222e-05  -3.4313222e-05   2.8519598e-04
  -1.8430695e-04  -6.4836840e-05  -6.4836840e-05   2.9474007e-04
  -1.8984659e-04  -1.4238753e-05  -1.4238753e-05   2.9050111e-04
  -1.9072966e-04  -3.1471596e-06  -3.1471596e-06   2.8829345e-04
  -1.8425810e-04  -1.1865088e-05  -1.1865088e-05   2.8499669e-04
  -1.7641199e-04  -9.2370817e-06  -9.2370817e-06   2.7888013e-04
  -1.6396763e-04  -2.5363682e-05  -2.5363682e-05   2.7197946e-04
  -2.8503531e-04  -2.7512168e-04  -2.7512168e-04   3.8666053e-04
  -2.1202514e-04  -2.8558254e-04  -2.8558254e-04   3.2041052e-04
  -2.4316975e-04  -3.1149252e-04  -3.1149252e-04   3.3198487e-04
  -3.0490912e-04  -2.1215029e-04  -2.1215029e-04   4.1403662e-04
  -2.4759867e-04  -2.3944070e-04  -2.3944070e-04   3.6037972e-04
  -2.1191750e-04  -1.9766580e-04  -1.9766580e-04   3.3086731e-04
  -1.4965836e-04  -2.0169460e-04  -2.0169460e-04   2.7818637e-04
  -1.7927176e-04  -2.4813171e-04  -2.4813171e-04   3.0067641e-04
  -1.0216229e-04  -2.3647790e-04  -2.3647790e-04   2.3808319e-04
  -1.3106171e-04  -2.7507686e-04  -2.7507686e-04   2.5276551e-04
  -3.0306580e-04  -1.4077742e-04  -1.4077742e-04   4.1454879e-04
  -2.6373672e-04  -1.7615297e-04  -1.7615297e-04   3.7736822e-04
  -2.6234679e-04  -1.1144202e-04  -1.1144202e-04   3.7401381e-04
  -2.0062725e-04  -1.0041843e-04  -1.0041843e-04   3.1432379e-04
  -2.2781989e-04  -1.3828658e-04  -1.3828658e-04   3.4278222e-04
  -1.8256881e-04  -1.5225204e-04  -1.5225204e-04   3.0342422e-04
  -1.6342161e-04  -1.0594326e-04  -1.0594326e-04   2.8258167e-04
  -1.1942283e-04  -9.4525261e-05  -9.4525261e-05   2.4692843e-04
  -1.2817678e-04  -1.4924065e-04  -1.4924065e-04   2.5852940e-04
  -1.5702088e-04  -6.2224706e-05  -6.2224706e-05   2.7161054e-04
  -1.4563843e-04  -1.7871771e-05  -1.7871771e-05   2.5846936e-04
  -1.2662426e-04  -4.2574564e-05  -4.2574564e-05   2.4738667e-04
  -9.3865336e-05  -2.8040714e-05  -2.8040714e-05   2.2399125e-04
  -6.9431954e-05  -6.0883894e-05  -6.0883894e-05   2.0919116e-04
  -7.8283884e-05  -1.8545993e-04  -1.8545993e-04   2.2169031e-04
   2.6549953e-06  -1.4687696e-04  -1.4687696e-04   1.6199818e-04
  -1.6881558e-05  -2.0393408e-04  -2.0393408e-04   1.7404699e-04
  -6.5425518e-05  -1.2529800e-04  -1.2529800e-04   2.0995421e-04
  -1.9732839e-05  -3.7916102e-05  -3.7916102e-05   1.7450294e-04
   6.7915850e-06  -7.6397897e-05  -7.6397897e-05   1.5781756e-04
   7.3366410e-05  -4.5060313e-05  -4.5060313e-05   1.1224526e-04
   9.6510900e-05  -8.4551899e-05  -8.4551899e-05   9.6930401e-05
  -8.7215578e-05  -1.3052127e-04  -1.3052127e-04   1.2438920e-04
  -2.3064529e-05  -6.2353130e-05  -6.2353130e-05   9.7353904e-05
  -7.7453326e-05  -2.9104753e-05  -2.9104753e-05   1.1119765e-04
  -1.2777290e-04  -2.4103574e-04  -2.4103574e-04   1.7950204e-04
  -4.9303727e-05  -1.8129992e-04  -1.8129992e-04   1.2906074e-04
  -1.6809444e-05  -2.0984634e-04  -2.0984634e-04   1.3327231e-04
   6.5225792e-05  -1.4703730e-04  -1.4703730e-04   8.4385098e-05
   2.2724472e-05  -1.1494440e-04  -1.1494440e-04   9.0933041e-05
   9.2221327e-05  -5.1973271e-05  -5.1973271e-05   5.8779045e-05
   3.5577680e-05  -2.9229146e-05  -2.9229146e-05   7.7067169e-05
  -1.8543357e-04  -3.0317541e-04  -3.0317541e-04   2.5637785e-04
  -1.0039701e-04  -2.6458518e-04  -2.6458518e-04   1.9012379e-04
  -1.5980184e-04  -2.9863498e-04  -2.9863498e-04   2.6011357e-04
  -4.4119874e-05  -2.4398217e-04  -2.4398217e-04   1.8630332e-04
  -7.2984898e-05  -2.6484765e-04  -2.6484765e-04   1.9273270e-04
   1.5835057e-05  -2.1458566e-04  -2.1458566e-04   1.3091902e-04
   4.8954535e-05  -1.9508085e-04  -1.9508085e-04   1.2115388e-04
   1.5165326e-04  -1.3302347e-04  -1.3302347e-04   5.3934355e-05
   1.0843849e-04  -1.5414172e-04  -1.5414172e-04   7.2252955e-05
   7.8436816e-05  -1.5136183e-04  -1.5136183e-04   1.0746753e-04
   1.7645916e-04  -4.6893480e-05  -4.6893480e-05   4.3209485e-05
   1.8927114e-04  -8.1226414e-05  -8.1226414e-05   3.3633897e-05
   2.7553281e-04  -4.1495085e-05  -4.1495085e-05  -2.3206664e-05
   2.7098484e-04  -6.4394477e-05  -6.4394477e-05  -2.2344923e-05
   1.4962184e-04  -8.4946316e-05  -8.4946316e-05   3.8015025e-05
   2.4194190e-04  -3.2473287e-05  -3.2473287e-05  -1.2820572e-05
   1.6411861e-04  -2.1961719e-05  -2.1961719e-05   2.5944539e-05
   2.0984609e-04  -9.1318301e-05  -9.1318301e-05   1.0962433e-05
   3.5409743e-04  -2.8616086e-05  -2.8616086e-05  -7.5910194e-05
   3.2715372e-04  -3.5617393e-05  -3.5617393e-05  -6.0901115e-05
   3.9756557e-04  -1.0203688e-05  -1.0203688e-05  -1.0507700e-04
   3.4713900e-04  -9.2368150e-06  -9.2368150e-06  -7.4624433e-05
  -2.4310327e-04   2.7022593e-05   2.7022593e-05   4.5371136e-04
  -1.6430713e-04   3.3290097e-05   3.3290097e-05   3.0252040e-04
  -1.7824109e-04   9.7172757e-05   9.7172757e-05   3.1303941e-04
  -2.5452439e-04   9.2634562e-05   9.2634562e-05   4.5636945e-04
  -8.8655198e-05   2.7868482e-05   2.7868482e-05   1.5790352e-04
   1.2160961e-05   1.2416746e-05   1.2416746e-05  -1.4096866e-05
  -5.7210035e-06   3.4839068e-05   3.4839068e-05   1.1899976e-05
  -1.0262484e-04   7.8667516e-05   7.8667516e-05   1.7398677e-04
  -1.2849915e-04   1.1365346e-04   1.1365346e-04   2.0371329e-04
  -3.7989126e-05   5.0238692e-05   5.0238692e-05   5.8794728e-05
  -7.8007871e-05   5.5804575e-05   5.5804575e-05   1.1709040e-04
  -1.5948027e-04   1.2601750e-04   1.2601750e-04   2.3973281e-04
  -2.8807780e-04   1.3492985e-04   1.3492985e-04   4.7048854e-04
  -2.0774595e-04   1.4067589e-04   1.4067589e-04   3.3613129e-04
  -2.4100924e-04   1.5369207e-04   1.5369207e-04   3.6192471e-04
  -3.2446148e-04   1.4382464e-04   1.4382464e-04   4.8503625e-04
  -3.5208146e-04   1.2389359e-04   1.2389359e-04   4.9290123e-04
  -2.6796307e-04   1.3855678e-04   1.3855678e-04   3.8216123e-04
  -2.8200561e-04   1.0257349e-04   1.0257349e-04   3.9117919e-04
  -3.6085567e-04   7.9075062e-05   7.9075062e-05   4.8614588e-04
  -1.8812465e-04   1.1641531e-04   1.1641531e-04   2.7389032e-04
  -1.1814994e-04   5.1751907e-05   5.1751907e-05   1.7584818e-04
  -1.5207279e-04   4.0752859e-05   4.0752859e-05   2.2587513e-04
  -2.0899828e-04   9.0833132e-05   9.0833132e-05   2.9994849e-04
  -2.1946876e-04   5.8236378e-05   5.8236378e-05   3.1460139e-04
  -1.7607651e-04   2.6729061e-05   2.6729061e-05   2.6171986e-04
  -1.8951814e-04   1.3572061e-05   1.3572061e-05   2.8231683e-04
  -2.1999744e-04   2.7550853e-05   2.7550853e-05   3.1793913e-04
  -3.4679620e-04   2.7115348e-05   2.7115348e-05   4.6224017e-04
  -2.8028284e-04   5.8245122e-05   5.8245122e-05   3.8636612e-04
  -2.6515007e-04   1.7434437e-05   1.7434437e-05   3.6969298e-04
  -3.1453608e-04  -1.8951091e-05  -1.8951091e-05   4.2478640e-04
  -2.9236439e-04  -2.4660758e-04  -2.4660758e-04   4.1313818e-04
  -4.5794080e-04  -1.6369652e-04  -1.6369652e-04   6.2050560e-04
  -4.8731310e-04  -1.6258973e-04  -1.6258973e-04   6.0635278e-04
  -4.2854222e-04  -2.1959288e-04  -2.1959288e-04   5.0716973e-04
  -4.8333564e-04  -3.0286985e-05  -3.0286985e-05   6.5500884e-04
  -4.3224325e-04   6.8472870e-05   6.8472870e-05   5.9332626e-04
  -4.3392602e-04   2.1579021e-05   2.1579021e-05   5.6958915e-04
  -4.8434194e-04  -6.5198431e-05  -6.5198431e-05   6.1996615e-04
  -4.5118109e-04  -1.1441832e-04  -1.1441832e-04   5.6738904e-04
  -4.0803741e-04  -3.2792270e-05  -3.2792270e-05   5.2807173e-04
  -3.5864778e-04  -7.9292875e-05  -7.9292875e-05   4.7133391e-04
  -3.8763411e-04  -1.5621095e-04  -1.5621095e-04   4.9694531e-04
  -4.3714495e-04  -2.6522236e-04  -2.6522236e-04   5.0357252e-04
  -4.6281623e-04  -2.0141795e-04  -2.0141795e-04   5.6264937e-04
  -3.9228933e-04  -2.3573819e-04  -2.3573819e-04   4.8983044e-04
  -3.6766075e-04  -2.9664474e-04  -2.9664474e-04   4.4288142e-04
  -2.7137140e-04  -4.9428803e-05  -4.9428803e-05   3.7965057e-04
  -2.4146152e-04  -1.1338788e-05  -1.1338788e-05   3.4534291e-04
  -2.1556830e-04  -2.3765565e-05  -2.3765565e-05   3.1889268e-04
  -2.2636979e-04  -5.9088455e-05  -5.9088455e-05   3.3420091e-04
  -2.1324427e-04   5.3753053e-06   5.3753053e-06   3.1259669e-04
  -1.9433585e-04   4.1753900e-06   4.1753900e-06   2.9034907e-04
  -1.9408160e-04  -1.2497022e-07  -1.2497022e-07   2.9084015e-04
  -2.0322395e-04  -5.1664455e-06  -5.1664455e-06   3.0279127e-04
  -1.9485881e-04  -5.1823940e-06  -5.1823940e-06   2.9361483e-04
  -1.9272891e-04  -4.7487113e-08  -4.7487113e-08   2.8932516e-04
  -1.9315625e-04   9.1317432e-07   9.1317432e-07   2.8955290e-04
  -1.9355383e-04  -7.1476258e-07  -7.1476258e-07   2.9037565e-04
  -1.9016345e-04  -4.7231081e-05  -4.7231081e-05   2.9719382e-04
  -1.9516240e-04  -2.0313600e-05  -2.0313600e-05   2.9713047e-04
  -1.8949574e-04  -6.9194802e-06  -6.9194802e-06   2.8820807e-04
  -1.7596932e-04  -1.8044764e-05  -1.8044764e-05   2.7974089e-04
  -2.6671037e-04  -2.9755511e-04  -2.9755511e-04   3.6256240e-04
  -2.9785767e-04  -2.4581090e-04  -2.4581090e-04   4.0393521e-04
  -1.9771315e-04  -2.2492156e-04  -2.2492156e-04   3.1812757e-04
  -1.5688386e-04  -2.6543510e-04  -2.6543510e-04   2.7873184e-04
  -3.0645655e-04  -1.7645645e-04  -1.7645645e-04   4.1733524e-04
  -2.9549835e-04  -1.0684344e-04  -1.0684344e-04   4.0662017e-04
  -2.3017588e-04  -1.0935609e-04  -1.0935609e-04   3.4281711e-04
  -2.2187354e-04  -1.6821752e-04  -1.6821752e-04   3.3897313e-04
  -1.4768327e-04  -1.2784176e-04  -1.2784176e-04   2.7215550e-04
  -1.7553116e-04  -8.4639721e-05  -8.4639721e-05   2.9000425e-04
  -1.4767009e-04  -3.3634379e-05  -3.3634379e-05   2.6130237e-04
  -1.0055893e-04  -5.1810169e-05  -5.1810169e-05   2.3003147e-04
  -4.8675522e-05  -1.9757484e-04  -1.9757484e-04   1.9896342e-04
  -1.0495347e-04  -1.6889382e-04  -1.6889382e-04   2.4166079e-04
  -3.3471699e-05  -6.9270248e-05  -6.9270248e-05   1.8500455e-04
   5.0508478e-05  -8.1679816e-05  -8.1679816e-05   1.2819657e-04
  -7.9006086e-05  -6.3637945e-05  -6.3637945e-05   1.1321434e-04
  -1.0425991e-04  -1.9081580e-04  -1.9081580e-04   1.4768192e-04
   5.9418327e-06  -1.6647253e-04  -1.6647253e-04   1.0894691e-04
   3.2499502e-05  -5.8351643e-05  -5.8351643e-05   8.0395966e-05
  -1.5560645e-04  -2.7884712e-04  -2.7884712e-04   2.1679317e-04
  -2.1532069e-04  -3.1411390e-04  -3.1411390e-04   2.9570555e-04
  -1.0264823e-04  -2.7533811e-04  -2.7533811e-04   2.2362587e-04
  -4.3757562e-05  -2.4297665e-04  -2.4297665e-04   1.6192742e-04
   8.0258785e-05  -1.7861223e-04  -1.7861223e-04   9.5524303e-05
   1.6085161e-05  -2.0338737e-04  -2.0338737e-04   1.4775403e-04
   1.4333463e-04  -8.4521488e-05  -8.4521488e-05   6.5017698e-05
   2.3245506e-04  -7.4495366e-05  -7.4495366e-05   4.0715162e-06
   1.6047077e-04  -4.3452932e-05  -4.3452932e-05   2.8980150e-05
   1.3198551e-04  -1.2245628e-04  -1.2245628e-04   5.2698948e-05
   3.0306532e-04  -5.1247332e-05  -5.1247332e-05  -4.4361495e-05
   3.4208313e-04  -1.8251379e-05  -1.8251379e-05  -7.1152888e-05
