   6.0320718e-01  -1.6843187e-02  -1.6843187e-02   2.9265282e+00
   2.5168634e-01   1.2917573e-01   1.2917573e-01   2.3992469e+00
   2.7973173e-01   5.5722089e-02   5.5722089e-02   2.7108779e+00
   3.1643870e-01   1.1049616e-01   1.1049616e-01   2.4814519e+00
   3.3390519e-01   5.8608497e-02   5.8608497e-02   2.7975997e+00
   7.6285324e-01  -1.1230857e-01  -1.1230857e-01   3.4410218e+00
   6.8184293e-01  -5.3509309e-02  -5.3509309e-02   3.0295582e+00
   7.3847993e-01  -1.1068884e-01  -1.1068884e-01   3.3990002e+00
   2.6642380e-01   1.8353576e-01   1.8353576e-01   2.2124155e+00
   5.4925556e-01   4.1422923e-02   4.1422923e-02   2.6366631e+00
   4.0186214e-01   1.3723937e-01   1.3723937e-01   2.3027077e+00
   4.4478038e-01   8.9208029e-02   8.9208029e-02   2.5279763e+00
   2.1337879e-01   5.2148633e-02   5.2148633e-02   2.5908431e+00
   6.6143085e-01  -9.8008001e-02  -9.8008001e-02   3.2629212e+00
   4.9477575e-01   2.0486418e-02   2.0486418e-02   2.7784411e+00
   5.6078719e-01  -8.0506508e-02  -8.0506508e-02   3.0746887e+00
   9.6058530e-02   2.2540069e-01   2.2540069e-01   2.0791642e+00
   3.0567288e-01   1.3590141e-01   1.3590141e-01   2.3935858e+00
   1.6219859e-01   2.0935019e-01   2.0935019e-01   2.1232576e+00
   1.7565682e-01   1.6298230e-01   1.6298230e-01   2.2720371e+00
   4.9831466e-02   2.2092871e-01   2.2092871e-01   2.0408636e+00
  -9.3219205e-02   2.6176896e-01   2.6176896e-01   1.8262876e+00
  -1.0911105e-03   2.2949118e-01   2.2949118e-01   2.0069152e+00
   3.1223936e-03   2.7436268e-01   2.7436268e-01   1.8846433e+00
   3.3509892e-01   6.9410207e-02   6.9410207e-02   2.5828956e+00
   8.9622416e-02   1.6239115e-01   1.6239115e-01   2.2146808e+00
   1.5118606e-01   5.9099093e-02   5.9099093e-02   2.4602870e+00
   1.8423168e-01   1.5050608e-01   1.5050608e-01   2.3126250e+00
   2.7927812e-01   1.8352412e-01   1.8352412e-01   2.2087353e+00
   9.9416787e-02   2.7115064e-01   2.7115064e-01   1.9389433e+00
   1.9409305e-01   2.1218183e-01   2.1218183e-01   2.1519453e+00
   1.9280211e-01   2.5527160e-01   2.5527160e-01   1.9891176e+00
   1.5274516e-01  -4.1355192e-02  -4.1355192e-02   3.4120859e+00
   8.3194259e-01  -1.9230680e-01  -1.9230680e-01   4.4308820e+00
   7.9366088e-01  -1.8910382e-01  -1.8910382e-01   3.8393630e+00
   8.7080647e-01  -3.1508224e-01  -3.1508224e-01   4.4109750e+00
   7.0826280e-01  -2.0083610e-01  -2.0083610e-01   3.6275071e+00
   1.6286124e-01  -4.5193431e-02  -4.5193431e-02   2.8094048e+00
   6.0679903e-02  -1.4807916e-01  -1.4807916e-01   3.1957852e+00
   2.0771469e-01  -2.1445139e-02  -2.1445139e-02   2.9604437e+00
   8.3591907e-01  -2.5183980e-01  -2.5183980e-01   5.1235235e+00
  -4.7049005e-02  -1.3274677e-01  -1.3274677e-01   3.7990714e+00
   1.4789880e-01   9.9002805e-02   9.9002805e-02   4.6648433e+00
   2.3807263e-01   7.6372165e-02   7.6372165e-02   4.0349687e+00
   8.0148051e-01  -1.4552788e-01  -1.4552788e-01   3.8821720e+00
   2.7207477e-01   1.9771471e-02   1.9771471e-02   3.0880634e+00
   3.0647406e-01   6.5691805e-02   6.5691805e-02   3.5521677e+00
   3.5357735e-01   6.0718568e-02   6.0718568e-02   3.1681712e+00
   3.6609703e-01   1.0593007e-01   1.0593007e-01   2.3073934e+00
   6.5951261e-01  -6.7201061e-02  -6.7201061e-02   2.7475167e+00
   5.7162801e-01   2.0223742e-02   2.0223742e-02   2.4444140e+00
   6.2566349e-01  -1.1436370e-02  -1.1436370e-02   2.7156448e+00
   4.9937403e-01   8.3030878e-02   8.3030878e-02   2.3824871e+00
   2.6427167e-01   2.2150245e-01   2.2150245e-01   2.0298336e+00
   3.2690583e-01   1.4955159e-01   1.4955159e-01   2.2675083e+00
   3.1814839e-01   1.7796053e-01   1.7796053e-01   2.0641946e+00
   7.1451664e-01  -8.6754712e-02  -8.6754712e-02   3.0685107e+00
   3.6216009e-01   8.5876944e-02   8.5876944e-02   2.5399759e+00
   3.8401545e-01   5.7817120e-02   5.7817120e-02   2.8481766e+00
   4.0108863e-01   5.5087238e-02   5.5087238e-02   2.5752341e+00
   6.0274970e-01  -5.0967376e-02  -5.0967376e-02   2.4691745e+00
   3.4869452e-01   1.2324710e-01   1.2324710e-01   2.0880917e+00
   4.0823578e-01   5.1417089e-02   5.1417089e-02   2.3394985e+00
   4.0797045e-01   4.6810360e-02   4.6810360e-02   2.1379655e+00
   5.8407953e-02  -4.0183617e-01  -4.0183617e-01   2.6141250e+00
   4.4688282e-01  -5.4494052e-01  -5.4494052e-01   3.0615782e+00
   5.7119698e-01  -5.2399826e-01  -5.2399826e-01   3.4520613e+00
   3.2074606e-01  -2.9528190e-01  -2.9528190e-01   2.9254290e+00
   4.3403667e-01  -2.5673756e-01  -2.5673756e-01   3.1354485e+00
   1.4929590e-01  -8.0568380e-02  -8.0568380e-02   2.6909260e+00
   9.5173335e-02  -1.5404295e-01  -1.5404295e-01   2.5705343e+00
   8.7404461e-02  -3.1709692e-01  -3.1709692e-01   2.8479152e+00
   1.5981813e-01  -3.0708804e-01  -3.0708804e-01   2.6422408e+00
   2.0175411e-03  -2.1271917e-01  -2.1271917e-01   2.4012254e+00
  -1.0214833e-01  -2.5159309e-01  -2.5159309e-01   2.2176880e+00
   1.4155471e-02  -4.4114950e-01  -4.4114950e-01   2.3541112e+00
   7.5949052e-01  -8.8209259e-01  -8.8209259e-01   3.6803698e+00
   3.1631277e-02  -6.6708623e-01  -6.6708623e-01   2.9288655e+00
   7.8148870e-02  -7.2877487e-01  -7.2877487e-01   2.5715879e+00
  -4.7533066e-02  -1.1325259e+00  -1.1325259e+00   2.8417777e+00
   8.2240985e-01  -6.9341875e-01  -6.9341875e-01   4.6477004e+00
  -8.7829591e-02  -3.7154324e-01  -3.7154324e-01   3.5553863e+00
  -2.3586246e-02  -5.5323717e-01  -5.5323717e-01   3.2496969e+00
  -3.5594209e-01  -7.3908372e-01  -7.3908372e-01   3.8576731e+00
  -4.5618617e-01  -3.8713398e-01  -3.8713398e-01   4.1965044e+00
   8.1530893e-01  -3.6530847e-01  -3.6530847e-01   6.1308040e+00
   8.2013139e-01  -4.6671540e-01  -4.6671540e-01   5.0140984e+00
   8.6021716e-01  -8.2120865e-01  -8.2120865e-01   5.7773272e+00
   9.6498411e-02  -2.4857812e-01  -2.4857812e-01   3.0372315e+00
   7.4106167e-01  -3.8353282e-01  -3.8353282e-01   4.0810258e+00
   5.5629473e-01  -1.9920224e-01  -1.9920224e-01   3.3670297e+00
   6.4771252e-01  -4.4096997e-01  -4.4096997e-01   3.7586080e+00
  -2.2307739e-01  -9.7189798e-01  -9.7189798e-01   3.3499986e+00
   1.0680211e+00  -1.3037559e+00  -1.3037559e+00   4.6165438e+00
   9.9010578e-01  -1.1251064e+00  -1.1251064e+00   5.2961121e+00
   7.9684220e-01  -8.0352032e-01  -8.0352032e-01   4.1559251e+00
   8.2126041e-02   4.1298087e-02   4.1298087e-02   2.4383514e+00
  -1.4580605e-01   8.2994618e-02   8.2994618e-02   2.0964532e+00
  -4.4774165e-02  -1.3369290e-02  -1.3369290e-02   2.2829565e+00
  -2.1989772e-02   1.3717250e-01   1.3717250e-01   2.1496273e+00
   6.5463175e-02   3.5659196e-02   3.5659196e-02   2.3642784e+00
   3.9920147e-01  -5.8712174e-02  -5.8712174e-02   2.8648859e+00
   2.1179359e-01   7.0652880e-02   7.0652880e-02   2.5003023e+00
   2.8361730e-01  -8.9592162e-02  -8.9592162e-02   2.7755437e+00
  -1.1390238e-01   1.9345040e-01   1.9345040e-01   1.9695118e+00
   5.2662631e-02   1.5524435e-01   1.5524435e-01   2.2193593e+00
  -6.6696984e-02   1.9741017e-01   1.9741017e-01   2.0021119e+00
  -6.6936064e-02   1.1497714e-01   1.1497714e-01   2.1899641e+00
  -1.6316122e-01  -6.7089580e-02  -6.7089580e-02   2.1789603e+00
   1.3188928e-01  -1.1695953e-01  -1.1695953e-01   2.6215361e+00
  -5.7783004e-02   1.0062987e-03   1.0062987e-03   2.3429394e+00
  -3.8583568e-02  -1.4189648e-01  -1.4189648e-01   2.4222191e+00
   5.6298906e-01  -8.1697385e-01  -8.1697385e-01   2.5656733e+00
   5.6415782e-02  -7.0591298e-01  -7.0591298e-01   2.1230580e+00
   7.1357814e-02  -6.8434365e-01  -6.8434365e-01   1.7867163e+00
   2.8385988e-01  -1.0431703e+00  -1.0431703e+00   1.7601659e+00
   3.4616829e-01  -8.5068246e-01  -8.5068246e-01   1.2945629e+00
   6.0726450e-01  -7.8974125e-01  -7.8974125e-01   1.3830359e+00
   8.9857387e-01  -1.0687505e+00  -1.0687505e+00   2.1559282e+00
   3.5403618e-01  -7.1108818e-01  -7.1108818e-01   1.9881017e+00
   1.4359579e-01  -1.1284414e+00  -1.1284414e+00   2.2633711e+00
   1.0542127e+00  -1.2673213e+00  -1.2673213e+00   2.9855840e+00
   1.1103369e+00  -1.3440780e+00  -1.3440780e+00   3.8239076e+00
   6.8675310e-01  -8.5737004e-01  -8.5737004e-01   3.1162683e+00
  -9.5822308e-02  -4.5191709e-01  -4.5191709e-01   2.0508468e+00
   1.5991175e-01  -5.2697022e-01  -5.2697022e-01   2.3140879e+00
   3.4769622e-01  -5.4872045e-01  -5.4872045e-01   2.7132768e+00
   3.8104226e-02  -3.4182412e-01  -3.4182412e-01   2.4422954e+00
  -9.8965855e-01  -3.1384776e-01  -3.1384776e-01   4.1361175e-01
  -1.3576278e+00  -1.5957818e-01  -1.5957818e-01   2.2229701e-01
  -1.0703962e+00  -2.4193404e-01  -2.4193404e-01   4.8068553e-01
  -9.9667202e-01  -3.8131380e-01  -3.8131380e-01   5.8605828e-01
  -8.2509625e-01  -4.3589840e-01  -4.3589840e-01   8.5291202e-01
  -7.9986623e-01  -4.9149590e-01  -4.9149590e-01   8.5087581e-01
  -8.7536986e-01  -4.7891814e-01  -4.7891814e-01   6.3338993e-01
  -8.4823239e-01  -3.5484960e-01  -3.5484960e-01   5.8953691e-01
  -1.1265098e+00  -3.2420702e-01  -3.2420702e-01   3.6547481e-01
  -9.4833411e-01  -4.6087733e-01  -4.6087733e-01   4.3725242e-01
  -9.8656492e-01  -4.3286359e-01  -4.3286359e-01   2.9681042e-01
  -1.1165236e+00  -2.8710949e-01  -2.8710949e-01   2.8156856e-01
  -1.5047546e+00   7.7431239e-02   7.7431239e-02   2.9568568e-02
  -9.4116045e-01  -1.0669974e-01  -1.0669974e-01   3.4014765e-01
  -1.1691260e+00  -5.0617496e-02  -5.0617496e-02   2.5933151e-01
  -1.0733316e+00   2.8450828e-01   2.8450828e-01   2.3028303e-01
  -6.8349215e-01  -5.9909578e-01  -5.9909578e-01   9.0389267e-01
  -7.5971178e-01  -5.8008279e-01  -5.8008279e-01   7.1602936e-01
  -6.4357985e-01  -6.4037522e-01  -6.4037522e-01   9.3050086e-01
  -6.2794319e-01  -6.4732540e-01  -6.4732540e-01   7.4005355e-01
  -5.1057892e-01  -6.7785808e-01  -6.7785808e-01   9.2675967e-01
  -3.7973002e-01  -6.5221998e-01  -6.5221998e-01   1.0895190e+00
  -5.0185529e-01  -6.3563808e-01  -6.3563808e-01   9.3257543e-01
  -5.4119495e-01  -6.3717952e-01  -6.3717952e-01   1.1040855e+00
  -7.6368925e-01  -5.6172309e-01  -5.6172309e-01   5.3303933e-01
  -6.7618550e-01  -5.6865837e-01  -5.6865837e-01   7.0789201e-01
  -9.2595077e-01  -4.4019706e-01  -4.4019706e-01   4.2486499e-01
  -8.9557399e-01  -4.9525575e-01  -4.9525575e-01   6.2545455e-01
  -7.3605647e-01  -5.7453691e-01  -5.7453691e-01   9.2172090e-01
  -6.6923189e-01  -6.0082867e-01  -6.0082867e-01   1.1128044e+00
  -8.2664021e-01  -5.3041241e-01  -5.3041241e-01   8.6133174e-01
  -7.3440331e-01  -5.4431834e-01  -5.4431834e-01   1.1122599e+00
  -2.2935654e+00   1.9905857e-01   1.9905857e-01  -2.8735258e-01
  -1.4159690e+00  -1.0615031e-02  -1.0615031e-02   1.8364866e-01
  -1.6234430e+00  -2.4606316e-02  -2.4606316e-02   1.6905186e-01
  -1.8613375e+00   2.6087349e-01   2.6087349e-01   3.1831661e-01
  -1.2292835e+00  -2.2739147e-01  -2.2739147e-01   1.7881579e-01
  -1.2675268e+00  -2.7095872e-01  -2.7095872e-01   1.6558107e-01
  -1.8370320e+00  -3.0286250e-02  -3.0286250e-02  -1.5658396e-01
  -1.5838026e+00  -1.1285019e-01  -1.1285019e-01   3.1334778e-02
  -2.1386823e+00   1.1934949e-01   1.1934949e-01   3.5487548e-01
  -2.6126504e+00   1.6514664e-01   1.6514664e-01  -3.8485080e-01
  -3.5940748e+00   2.2818701e-01   2.2818701e-01  -5.3094468e-01
  -3.2826577e+00   4.5003483e-01   4.5003483e-01  -5.1876165e-01
  -1.4629094e+00   3.0754554e-01   3.0754554e-01   2.7598110e-01
  -2.8410800e+00   5.4168926e-01   5.4168926e-01  -5.2883178e-01
  -2.2363795e+00   5.2762375e-01   5.2762375e-01  -4.5670436e-01
  -1.8998861e+00   1.4810018e-01   1.4810018e-01  -1.5684095e-01
  -6.5605051e-01  -1.8597087e-01  -1.8597087e-01   5.6101461e-01
  -4.5999536e-01  -3.0993892e-01  -3.0993892e-01   6.6688461e-01
  -6.4291492e-01  -2.1902582e-01  -2.1902582e-01   5.1075199e-01
  -3.3428054e-01  -5.4855582e-02  -5.4855582e-02   2.5886846e-01
  -6.6479504e-01   1.4673600e-01   1.4673600e-01   2.0351482e-01
  -1.5529076e+00   3.9711175e-01   3.9711175e-01  -3.0742422e-01
  -8.5727817e-01   1.8265668e-01   1.8265668e-01  -4.1931846e-02
  -1.0782799e+00  -5.1668977e-02  -5.1668977e-02   2.5436512e-01
  -6.7089336e-02  -3.0811309e-01  -3.0811309e-01   4.1122551e-01
  -2.1129549e-01  -1.1559152e-01  -1.1559152e-01   3.3407054e-01
   3.3993134e-01  -4.4985102e-01  -4.4985102e-01   8.1559989e-01
  -2.6461990e-01  -3.4651950e-01  -3.4651950e-01   9.1779392e-01
  -6.5644803e-01  -4.0261195e-01  -4.0261195e-01   8.4054280e-01
  -8.6502338e-01  -3.0759034e-01  -3.0759034e-01   6.9962036e-01
  -5.8653589e-01  -3.8469551e-01  -3.8469551e-01   1.0210992e+00
  -7.3582989e-01  -4.5176557e-01  -4.5176557e-01   1.0856564e+00
  -8.9712450e-01  -2.8054428e-01  -2.8054428e-01   1.1784284e-01
  -8.9224206e-01  -3.2322409e-01  -3.2322409e-01   1.2516650e-01
  -6.7501305e-01  -4.5855677e-01  -4.5855677e-01   2.6591714e-01
  -6.9609505e-01  -3.5173668e-01  -3.5173668e-01   1.6293705e-01
  -5.0815715e-01  -4.8016402e-01  -4.8016402e-01   3.1297408e-01
  -4.2464875e-01  -4.4646613e-01  -4.4646613e-01   4.3823667e-01
  -6.6640094e-01  -3.0826412e-01  -3.0826412e-01   2.0747821e-01
  -6.0387770e-01  -4.3312592e-01  -4.3312592e-01   3.7262017e-01
  -9.2276376e-01  -2.1517233e-01  -2.1517233e-01   5.5459326e-02
  -9.7512547e-01  -1.4313661e-01  -1.4313661e-01  -2.3083231e-02
  -1.3242570e+00   1.7995182e-02   1.7995182e-02  -2.1220285e-01
  -1.2751924e+00  -1.0762083e-01  -1.0762083e-01  -1.3013374e-01
  -8.4327346e-01  -4.1894040e-01  -4.1894040e-01   2.3434696e-01
  -7.9968181e-01  -4.0439896e-01  -4.0439896e-01   2.9973443e-01
  -1.1649947e+00  -2.3377799e-01  -2.3377799e-01   1.9866132e-02
  -1.0235328e+00  -3.5185438e-01  -3.5185438e-01   2.1397027e-01
  -1.4407948e+00  -1.5080309e-01  -1.5080309e-01   5.3895102e-02
  -1.6388233e+00  -5.2569104e-02  -5.2569104e-02  -2.4314761e-01
  -2.1521937e+00   8.0556205e-02   8.0556205e-02  -4.2037084e-01
  -2.1108775e+00   4.1194726e-02   4.1194726e-02  -3.7610329e-01
  -2.7494252e+00   1.3241845e-01   1.3241845e-01  -5.1224756e-01
  -2.4679650e+00  -1.4011393e-01  -1.4011393e-01  -9.0057306e-02
  -1.7634125e+00  -8.0617045e-02  -8.0617045e-02   1.4509426e-01
  -1.9289578e+00  -1.1883009e-01  -1.1883009e-01  -8.5516972e-02
  -1.4659626e+00  -1.6414737e-01  -1.6414737e-01  -8.0208420e-02
  -1.3051045e+00  -1.8653445e-01  -1.8653445e-01   1.6107868e-01
  -1.0226034e+00  -3.5853103e-01  -3.5853103e-01   2.1536436e-01
  -1.1015483e+00  -2.7481564e-01  -2.7481564e-01   1.1503567e-01
  -1.6911971e+00   4.3326029e-02   4.3326029e-02  -3.1706555e-01
  -1.5217770e+00  -1.0770700e-01  -1.0770700e-01  -6.2935378e-02
  -1.1667068e+00  -1.9225300e-01  -1.9225300e-01   3.2594638e-02
  -1.1994222e+00  -1.0138190e-01  -1.0138190e-01  -2.4950605e-02
  -4.9085127e-01  -6.3441330e-01  -6.3441330e-01   5.9624563e-01
  -3.7348614e-01  -6.1287884e-01  -6.1287884e-01   7.7229332e-01
  -5.4108281e-01  -5.3613820e-01  -5.3613820e-01   5.6275794e-01
  -4.9565620e-01  -6.0756214e-01  -6.0756214e-01   7.5042818e-01
  -6.9096084e-01  -5.1302576e-01  -5.1302576e-01   5.1570544e-01
  -7.8698545e-01  -5.0307641e-01  -5.0307641e-01   3.7166852e-01
  -6.2107979e-01  -6.1376036e-01  -6.1376036e-01   5.6229280e-01
  -6.4983182e-01  -5.4788713e-01  -5.4788713e-01   3.9963443e-01
  -3.6601214e-01  -6.5036878e-01  -6.5036878e-01   9.3124544e-01
  -4.7927761e-01  -6.7219016e-01  -6.7219016e-01   7.6134725e-01
  -3.5389352e-01  -6.8663743e-01  -6.8663743e-01   9.3932452e-01
  -3.5609184e-01  -6.7811157e-01  -6.7811157e-01   7.8388952e-01
  -3.9188920e-01  -5.4549313e-01  -5.4549313e-01   6.0608957e-01
  -5.0246168e-01  -5.7106608e-01  -5.7106608e-01   4.4023084e-01
  -3.5595392e-01  -6.4276632e-01  -6.4276632e-01   6.3004642e-01
  -3.5199503e-01  -5.8041433e-01  -5.8041433e-01   4.8667248e-01
  -5.0664679e-01  -2.3519877e-01  -2.3519877e-01   1.6731124e-01
  -5.0332242e-01  -1.7964296e-01  -1.7964296e-01   1.7229781e-01
  -7.5724274e-01  -1.2589180e-02  -1.2589180e-02   2.4727405e-04
  -7.2194258e-01  -1.6560913e-01  -1.6560913e-01   7.7932234e-02
  -1.0185054e+00  -1.1148974e-05  -1.1148974e-05  -1.0573776e-01
  -9.3184848e-01  -9.6929419e-02  -9.6929419e-02   2.4247561e-02
  -7.0509634e-01  -2.2812012e-01  -2.2812012e-01   1.0320158e-01
  -7.0311259e-01  -9.2843978e-02  -9.2843978e-02   8.1442496e-02
  -4.6306771e-01  -3.2290704e-01  -3.2290704e-01   2.8988258e-01
  -5.1030824e-01  -3.6734449e-01  -3.6734449e-01   2.1902180e-01
  -3.4284194e-01  -4.8945743e-01  -4.8945743e-01   3.7003309e-01
  -3.3104711e-01  -3.7490069e-01  -3.7490069e-01   2.8714801e-01
  -5.3133767e-01  -2.2291674e-02  -2.2291674e-02   1.0235322e-01
  -5.0380778e-01  -8.8320592e-02  -8.8320592e-02   1.4364806e-01
  -3.1781649e-01  -2.4035026e-01  -2.4035026e-01   2.4470068e-01
  -3.3044342e-01  -8.3475495e-02  -8.3475495e-02   2.0890930e-01
