  -2.0428626e-03
   0.0000000e+00
  -1.9217467e-03
   0.0000000e+00
  -1.6176929e-03
   0.0000000e+00
  -1.0249549e-03
   1.7300972e-03
   0.0000000e+00
   2.6481107e-03
   0.0000000e+00
   2.7888087e-03
   0.0000000e+00
   2.8230968e-03
   3.5034944e-04
   2.3267679e-03
   3.1267141e-04
   1.3736091e-03
   1.2190807e-04
   4.5743109e-04
  -7.7089487e-04
   1.7065603e-04
  -1.6190910e-03
  -4.1404174e-05
  -1.4017601e-03
   5.4062711e-04
  -5.3102763e-04
   1.0476817e-03
  -1.9457222e-04
   2.1120157e-03
  -1.6668133e-03
   4.1138026e-04
  -1.8149519e-03
   0.0000000e+00
  -1.7783305e-03
   2.6892173e-04
  -1.1772234e-03
   9.6173848e-04
  -1.4291266e-03
   8.9966144e-04
  -1.7073882e-04
   2.5275345e-03
  -5.2767878e-04
   2.3728633e-03
  -4.9356511e-04
   1.8959194e-03
  -7.4683109e-05
   2.5964426e-03
   0.0000000e+00
   2.7438546e-03
  -2.0252495e-03
   0.0000000e+00
  -1.9266504e-03
  -4.9895264e-05
  -1.5506984e-03
   2.6222775e-04
  -1.2097922e-03
   4.1123579e-05
  -6.6816903e-04
   6.0249384e-04
  -9.5375391e-04
   8.1036454e-04
  -3.6162984e-04
   1.5540654e-03
  -3.2716482e-04
   3.1349592e-04
   2.1946669e-04
   9.0852355e-04
  -1.2703130e-04
   1.2316021e-03
   3.7191931e-04
   1.8583640e-03
   3.0898019e-05
   2.2588897e-03
   2.1737025e-04
   2.6859676e-03
   0.0000000e+00
   2.8360844e-03
  -1.8932684e-03
   1.1935981e-04
  -1.1142025e-03
   4.2986326e-04
  -7.2863006e-04
   1.2852486e-03
  -2.2929204e-04
   7.6207140e-04
  -3.1776858e-05
   1.7410159e-03
   3.8369895e-05
   2.6740040e-03
  -1.8409560e-03
   1.6678263e-04
  -1.7276210e-03
   3.2978423e-04
  -1.7797455e-03
   2.1141689e-04
  -1.5528036e-03
   4.8709365e-04
  -1.6081813e-03
   4.0409107e-04
  -1.6978058e-03
   2.7903536e-04
  -1.7333450e-03
   0.0000000e+00
  -1.8754173e-03
   0.0000000e+00
  -1.8888658e-03
   1.3474809e-04
  -1.4433929e-03
   6.7933114e-04
  -1.3342965e-03
   9.2753421e-04
  -1.5531981e-03
   5.9385944e-04
  -1.5539807e-03
   4.5303976e-04
  -1.2957336e-03
   7.2113541e-04
  -1.2479012e-03
   1.3281122e-03
  -1.0703053e-03
   1.2963263e-03
  -3.1759192e-04
   2.2455315e-03
  -2.9836571e-04
   2.4506978e-03
  -4.9191857e-04
   2.1514988e-03
  -1.8467372e-04
   2.3317469e-03
  -3.2375686e-04
   2.0103629e-03
  -1.3512734e-04
   2.6500153e-03
  -2.6462600e-04
   2.5649691e-03
  -7.8320028e-04
   2.0855477e-03
  -7.2941051e-04
   1.7890785e-03
  -5.5443801e-05
   2.7189623e-03
  -8.5854700e-05
   2.6901877e-03
  -1.1543902e-04
   2.5644734e-03
   0.0000000e+00
   2.7069784e-03
  -1.2727103e-04
   2.3766531e-03
  -3.4420686e-05
   2.7417572e-03
   0.0000000e+00
   2.7693964e-03
  -1.9845152e-03
   0.0000000e+00
  -1.9914458e-03
   5.8022483e-05
  -1.8455156e-03
   1.8870184e-04
  -2.0467726e-03
   0.0000000e+00
  -2.0130972e-03
  -2.9220053e-05
  -1.9217284e-03
   4.5060425e-05
  -1.7915206e-03
  -5.5198307e-05
  -1.5944074e-03
   1.2351796e-04
  -1.7412533e-03
   1.8705966e-04
  -1.4866337e-03
   3.9499726e-04
  -1.3373126e-03
   3.4394325e-04
  -1.0432000e-03
   6.1424785e-04
  -1.1775620e-03
   6.7742968e-04
  -1.4215978e-03
  -8.3522330e-06
  -1.1682644e-03
   2.4361417e-04
  -9.9144255e-04
   1.0243115e-04
  -7.2258180e-04
   3.8830743e-04
  -8.8991910e-04
   5.1697445e-04
  -6.0457794e-04
   8.1987707e-04
  -7.3783701e-04
   9.3498127e-04
  -9.4561112e-04
   1.1281821e-03
  -6.0722396e-04
   1.5770937e-03
  -8.4722411e-04
   1.0307445e-03
  -4.4887640e-04
   1.2916576e-03
  -5.3508207e-04
   1.4289435e-03
  -2.7472080e-04
   1.8314118e-03
  -4.4877894e-04
   6.8445619e-04
  -1.7840863e-04
   9.9244434e-04
  -3.2964040e-04
   1.1465205e-03
  -5.4957739e-04
   2.4178975e-04
  -2.7884928e-04
   5.3689097e-04
  -1.0310952e-04
   3.8523599e-04
   1.7041485e-04
   6.8233721e-04
  -6.8955882e-06
   8.3599207e-04
   2.6785299e-04
   1.1383615e-03
   8.4632536e-05
   1.3054307e-03
  -1.9823294e-04
   1.6580053e-03
   5.4329152e-06
   2.0039825e-03
  -8.3325413e-05
   2.1954855e-03
  -7.7148124e-05
   1.4815512e-03
   3.4933177e-04
   1.6144503e-03
   1.5260570e-04
   1.8058538e-03
   3.7407724e-04
   2.0991908e-03
   1.6763262e-04
   2.3024920e-03
  -1.8112534e-05
   2.6409583e-03
   2.2526267e-05
   2.7943785e-03
   0.0000000e+00
   2.8171731e-03
   4.2030604e-05
   2.4889554e-03
   2.9777915e-04
   2.5274803e-03
   1.1085570e-04
   2.6918317e-03
   1.1482103e-04
   2.7878981e-03
   0.0000000e+00
   2.8421918e-03
  -1.9495336e-03
   9.3440762e-05
  -2.0146951e-03
   2.0099537e-05
  -1.7772021e-03
   7.8836537e-05
  -1.6850348e-03
   2.8914668e-04
  -1.2678259e-03
   5.0444901e-04
  -1.3874117e-03
   1.7904984e-04
  -9.4527246e-04
   3.1436920e-04
  -8.2120794e-04
   7.2044791e-04
  -8.2563137e-04
   1.4345459e-03
  -1.0680483e-03
   8.7986231e-04
  -6.4110021e-04
   1.1693458e-03
  -4.2657012e-04
   1.7129067e-03
  -3.9171309e-04
   9.1063508e-04
  -5.0088279e-04
   4.6296925e-04
  -5.4991430e-05
   6.0976898e-04
   4.0256784e-05
   1.0669843e-03
  -1.3636028e-04
   1.9285283e-03
  -2.6411353e-04
   1.3956179e-03
   1.2332456e-04
   1.5523862e-03
   1.6850248e-04
   2.0595807e-03
  -5.7584461e-06
   2.7721383e-03
  -4.3291148e-05
   2.4407743e-03
   1.4818684e-04
   2.5191851e-03
   5.9338602e-05
   2.8035215e-03
  -1.7644142e-03
   2.7848725e-04
  -1.8123765e-03
   1.8708692e-04
  -1.7932062e-03
   2.4899013e-04
  -1.8403325e-03
   9.3854296e-05
  -1.8076238e-03
   1.0617502e-04
  -1.8190227e-03
   2.2376735e-04
  -1.7541214e-03
   2.9744113e-04
  -1.6986216e-03
   3.6714311e-04
  -1.7320752e-03
   3.1359157e-04
  -1.6736944e-03
   3.7067139e-04
  -1.5814081e-03
   4.4363282e-04
  -1.6461363e-03
   4.0907023e-04
  -1.4800485e-03
   5.1632332e-04
  -1.5080487e-03
   4.7225279e-04
  -1.6165107e-03
   4.5257315e-04
  -1.6991839e-03
   3.3628766e-04
  -1.7694576e-03
   1.2121532e-04
  -1.7420219e-03
   2.4106941e-04
  -1.7241277e-03
   1.4034711e-04
  -1.6955445e-03
   3.5531418e-04
  -1.6690186e-03
   1.6532953e-04
  -1.6809672e-03
   0.0000000e+00
  -1.7773859e-03
   0.0000000e+00
  -1.8938087e-03
   7.4852014e-05
  -1.8662651e-03
   1.4955874e-04
  -1.8687688e-03
   8.3559784e-05
  -1.8422850e-03
   2.0180673e-04
  -1.8473105e-03
   0.0000000e+00
  -1.9000142e-03
   0.0000000e+00
  -1.9160972e-03
   6.7561534e-05
  -1.4503084e-03
   7.6264349e-04
  -1.5069940e-03
   6.4055548e-04
  -1.3882394e-03
   7.9211677e-04
  -1.5618121e-03
   5.4223390e-04
  -1.6123483e-03
   4.9168868e-04
  -1.3139981e-03
   8.2007024e-04
  -1.2587572e-03
   9.4246131e-04
  -1.3951891e-03
   9.1471154e-04
  -1.4911787e-03
   7.2709607e-04
  -1.6342232e-03
   4.3895978e-04
  -1.5727824e-03
   5.3901801e-04
  -1.6314279e-03
   3.5243175e-04
  -1.5906757e-03
   2.2743177e-04
  -1.5009638e-03
   6.7726068e-04
  -1.3725013e-03
   7.0054598e-04
  -1.5001198e-03
   5.7335710e-04
  -1.4283845e-03
   6.0082378e-04
  -1.3510183e-03
   6.2502779e-04
  -1.2370877e-03
   8.3238269e-04
  -1.2061634e-03
   1.1141002e-03
  -1.1624390e-03
   1.3046260e-03
  -1.2834093e-03
   1.1080693e-03
  -1.1406123e-03
   1.5331716e-03
  -1.0356391e-03
   1.5027355e-03
  -1.3452210e-03
   1.1159927e-03
  -1.1199840e-03
   1.1168522e-03
  -3.9487938e-04
   2.3122821e-03
  -3.9615990e-04
   2.1978777e-03
  -3.0799332e-04
   2.3549837e-03
  -4.0264264e-04
   2.0768176e-03
  -4.8800543e-04
   2.0235062e-03
  -2.3986015e-04
   2.3971312e-03
  -2.2573697e-04
   2.4903132e-03
  -3.9642266e-04
   2.4104743e-03
  -5.0584024e-04
   2.2722414e-03
  -3.1891123e-04
   2.1279571e-03
  -2.4956078e-04
   2.1771824e-03
  -2.4391232e-04
   2.2897946e-03
  -1.9052177e-04
   2.2230618e-03
  -2.5558430e-04
   2.0634017e-03
  -1.7805486e-04
   2.4348648e-03
  -4.0213986e-04
   1.9539178e-03
  -2.1740705e-04
   2.5650658e-03
  -1.8807717e-04
   2.6112607e-03
  -2.9044865e-04
   2.5265731e-03
  -1.5818921e-04
   2.6019367e-03
  -8.7183557e-05
   2.6644238e-03
  -1.3269278e-04
   2.6183755e-03
  -3.9632965e-04
   2.4831935e-03
  -6.1043590e-04
   1.9779680e-03
  -6.2287232e-04
   2.1112919e-03
  -7.4583205e-04
   1.9357622e-03
  -6.5624958e-04
   2.2397364e-03
  -9.0680282e-04
   1.9140592e-03
  -8.7306624e-04
   1.7503258e-03
  -6.0271753e-04
   1.8394830e-03
  -1.0440029e-04
   2.6381162e-03
  -8.4580206e-05
   2.6534098e-03
  -6.9073713e-05
   2.7055683e-03
  -6.7854749e-05
   2.6673324e-03
  -9.3808089e-05
   2.5810334e-03
  -3.4324627e-05
   2.7459450e-03
  -4.2825099e-05
   2.7316188e-03
  -1.2851507e-04
   2.6211006e-03
  -1.4058925e-04
   2.5466819e-03
  -5.3579693e-05
   2.7143070e-03
  -6.7777372e-05
   2.6926368e-03
  -1.0704732e-04
   2.6720428e-03
   0.0000000e+00
   2.6813342e-03
   0.0000000e+00
   2.7273061e-03
  -1.2262693e-04
   2.4754490e-03
  -1.4861376e-04
   2.4557216e-03
  -1.5479127e-04
   2.3548364e-03
  -1.5908548e-04
   2.2481676e-03
  -9.9175024e-05
   2.4939774e-03
  -2.1708683e-05
   2.7689806e-03
  -2.7423378e-05
   2.7581911e-03
  -4.4091338e-05
   2.7309086e-03
   0.0000000e+00
   2.7576433e-03
  -5.3338033e-05
   2.6801197e-03
  -1.7006969e-05
   2.7787340e-03
   0.0000000e+00
   2.7796400e-03
  -1.9564468e-03
   0.0000000e+00
  -1.9759306e-03
   4.6754681e-05
  -1.9218950e-03
   1.1276125e-04
  -2.0072167e-03
   0.0000000e+00
  -2.0167609e-03
   2.8818896e-05
  -1.9726744e-03
   7.5528578e-05
  -1.9499088e-03
   8.8054988e-05
  -1.8717126e-03
   1.5374908e-04
  -1.9056208e-03
   1.4056154e-04
  -1.8145283e-03
   2.2622862e-04
  -2.0386093e-03
   0.0000000e+00
  -2.0387023e-03
   9.7372872e-06
  -2.0056384e-03
   3.9890751e-05
  -2.0487168e-03
   0.0000000e+00
  -2.0353758e-03
  -1.5164425e-05
  -2.0176600e-03
  -2.4881747e-06
  -1.9765650e-03
  -4.1112174e-05
  -1.9275871e-03
   1.3189741e-06
  -1.9753665e-03
   3.1690783e-05
  -1.9100675e-03
   8.3735030e-05
  -1.8551361e-03
   6.0664750e-05
  -1.7617979e-03
   1.3485370e-04
  -1.8230909e-03
   1.5229036e-04
  -1.8645104e-03
  -5.4784794e-05
  -1.7872316e-03
   1.6479804e-05
  -1.7091930e-03
  -5.0779665e-05
  -1.6090115e-03
   4.5787223e-05
  -1.6896901e-03
   9.9769485e-05
  -1.5750298e-03
   1.9479534e-04
  -1.6497789e-03
   2.2372845e-04
  -1.7712036e-03
   2.3818858e-04
  -1.6492322e-03
   3.4366580e-04
  -1.7156719e-03
   2.3774238e-04
  -1.5212692e-03
   3.2819540e-04
  -1.5894158e-03
   3.4148869e-04
  -1.4467675e-03
   4.6499061e-04
  -1.3787438e-03
   4.4943233e-04
  -1.2252814e-03
   5.8831407e-04
  -1.2902718e-03
   6.0922249e-04
  -1.4459496e-03
   3.0238641e-04
  -1.3051257e-03
   4.2369239e-04
  -1.2263201e-03
   3.8656216e-04
  -1.0809742e-03
   5.2142256e-04
  -1.1555619e-03
   5.5956305e-04
  -1.0007710e-03
   7.1002016e-04
  -1.0649891e-03
   7.4466671e-04
  -1.4931079e-03
   1.5000726e-04
  -1.3646245e-03
   2.6311681e-04
  -1.5227480e-03
  -2.7166129e-05
  -1.4061686e-03
   8.9419405e-05
  -1.3169182e-03
   1.4595478e-05
  -1.1901745e-03
   1.4533690e-04
  -1.2787388e-03
   2.1036680e-04
  -1.1431534e-03
   3.3784889e-04
  -1.0568961e-03
   2.7841146e-04
  -9.1908123e-04
   4.1621647e-04
  -1.0018694e-03
   4.7345779e-04
  -1.1010855e-03
   7.0614192e-05
  -9.6910468e-04
   2.1016553e-04
  -8.8129698e-04
   1.3596235e-04
  -7.4720579e-04
   2.8024239e-04
  -8.3377949e-04
   3.5111363e-04
  -6.9638855e-04
   4.9545723e-04
  -7.7866384e-04
   5.6007999e-04
  -9.3158484e-04
   6.6802078e-04
  -7.8133651e-04
   8.2573185e-04
  -8.4459522e-04
   8.7396938e-04
  -8.5737480e-04
   6.1795000e-04
  -6.3761995e-04
   7.1032221e-04
  -7.1223993e-04
   7.7116208e-04
  -5.6901304e-04
   9.3206023e-04
  -6.3343251e-04
   9.9298732e-04
  -9.4647524e-04
   1.3645401e-03
  -7.7336726e-04
   1.6077236e-03
  -1.0607262e-03
   1.0460828e-03
  -8.8401506e-04
   1.2740135e-03
  -8.3439248e-04
   1.2080486e-03
  -6.6758292e-04
   1.4267081e-03
  -7.1186146e-04
   1.5058789e-03
  -5.4888906e-04
   1.7344383e-03
  -1.1819203e-03
   8.0128815e-04
  -1.0077674e-03
   9.9730184e-04
  -1.1249510e-03
   7.7392618e-04
  -9.0240927e-04
   9.1681221e-04
  -9.5604783e-04
   9.5653923e-04
  -7.8894707e-04
   1.1533106e-03
  -7.4220982e-04
   1.1018672e-03
  -5.8888413e-04
   1.2958570e-03
  -6.2892537e-04
   1.3591335e-03
  -6.9095184e-04
   1.0492391e-03
  -4.9085803e-04
   1.1673999e-03
  -5.4355264e-04
   1.2327204e-03
  -4.0558939e-04
   1.4206128e-03
  -4.4636792e-04
   1.4940614e-03
  -5.1247628e-04
   1.6467016e-03
  -3.7398524e-04
   1.8610963e-03
  -4.8062962e-04
   1.5682789e-03
  -3.1773734e-04
   1.6913806e-03
  -3.4793376e-04
   1.7746878e-03
  -2.3340294e-04
   1.9724581e-03
  -4.9789822e-04
   8.6639888e-04
  -3.6124314e-04
   1.0270872e-03
  -4.3002402e-04
   1.0988786e-03
  -5.5830051e-04
   6.4399991e-04
  -4.2090617e-04
   7.9663349e-04
  -3.3923900e-04
   7.2380311e-04
  -2.0399078e-04
   8.7636759e-04
  -2.8542948e-04
   9.5260383e-04
  -1.5268435e-04
   1.1107422e-03
  -2.2896959e-04
   1.1906863e-03
  -6.1166433e-04
   4.2566599e-04
  -4.7538721e-04
   5.7344349e-04
  -6.6032843e-04
   2.0604959e-04
  -5.2550679e-04
   3.5251915e-04
  -4.3855616e-04
   2.7764319e-04
  -3.0314186e-04
   4.2512529e-04
  -3.9002043e-04
   5.0006885e-04
  -2.5424593e-04
   6.4907066e-04
  -1.6719357e-04
   5.7343507e-04
  -3.0898933e-05
   7.2247873e-04
  -1.1859071e-04
   7.9938985e-04
  -2.1534121e-04
   3.4933895e-04
  -7.9085794e-05
   4.9747882e-04
   9.3861070e-06
   4.2126596e-04
   1.4608720e-04
   5.6987361e-04
   5.7651798e-05
   6.4601816e-04
   1.9490890e-04
   7.9511670e-04
   1.0585487e-04
   8.7222032e-04
  -7.0027397e-05
   1.0304299e-03
   6.2949567e-05
   1.1851548e-03
  -2.2822212e-05
   1.2696575e-03
   1.6887379e-05
   9.5070250e-04
   2.4388400e-04
   1.0228522e-03
   1.5283340e-04
   1.1027006e-03
   2.9095727e-04
   1.2552474e-03
   1.9622098e-04
   1.3397236e-03
  -2.0491121e-04
   1.8827309e-03
  -1.0845303e-04
   2.0634461e-03
  -1.3814775e-04
   2.1562591e-03
  -2.7944919e-04
   1.6087286e-03
  -1.6648989e-04
   1.7928200e-03
  -1.1627583e-04
   1.7020129e-03
  -1.1916150e-05
   1.8726514e-03
  -6.6960477e-05
   1.9688880e-03
   1.9830558e-05
   2.1333828e-03
  -2.7768532e-05
   2.2296828e-03
  -3.5611390e-04
   1.3459690e-03
  -2.3096850e-04
   1.5253303e-03
  -2.9714951e-04
   1.2693105e-03
  -1.0173521e-04
   1.3552116e-03
  -1.7158668e-04
   1.4407207e-03
  -5.3678499e-05
   1.6103449e-03
   2.0655769e-05
   1.5185564e-03
   1.3939279e-04
   1.6785862e-03
   5.7171199e-05
   1.7754309e-03
   1.0490800e-04
   1.4278819e-03
   3.3236778e-04
   1.4934118e-03
   2.3237983e-04
   1.5839424e-03
   3.6278540e-04
   1.7363148e-03
   2.5672495e-04
   1.8331149e-03
   8.3094655e-05
   2.0340838e-03
   1.7032508e-04
   2.1832643e-03
   9.5134796e-05
   2.2831459e-03
   1.6246359e-04
   1.9332637e-03
   3.7593231e-04
   1.9797058e-03
   2.6443345e-04
   2.0810213e-03
   3.6571149e-04
   2.2154196e-03
   2.5147804e-04
   2.3169891e-03
  -1.9413477e-05
   2.7579574e-03
  -2.5490978e-06
   2.8059684e-03
   0.0000000e+00
   2.8043412e-03
  -4.5235175e-05
   2.6200613e-03
  -1.0626871e-05
   2.7165122e-03
   9.0919868e-06
   2.6590496e-03
   3.1680986e-05
   2.7433428e-03
   7.8658404e-06
   2.7844363e-03
   1.1684013e-05
   2.8255907e-03
   0.0000000e+00
   2.8277931e-03
  -8.4155131e-05
   2.4106243e-03
  -2.8873677e-05
   2.5480555e-03
  -6.1484317e-05
   2.3222249e-03
   3.8348964e-05
   2.3782452e-03
  -2.0278416e-06
   2.4669495e-03
   4.1963909e-05
   2.5884059e-03
   9.1248810e-05
   2.5065068e-03
   1.3159719e-04
   2.6121393e-03
   7.1615343e-05
   2.6852257e-03
   1.6025636e-04
   2.4152063e-03
   3.2771346e-04
   2.4314296e-03
   2.1581876e-04
   2.5264195e-03
   2.6080918e-04
   2.6129595e-03
   1.5846125e-04
   2.6926133e-03
   3.9302952e-05
   2.8011420e-03
   3.0174710e-05
   2.8324555e-03
   0.0000000e+00
   2.8413037e-03
   8.6524081e-05
   2.7562069e-03
   1.6832841e-04
   2.7447699e-03
   8.3961749e-05
   2.7998533e-03
   5.8206965e-05
   2.8142383e-03
   0.0000000e+00
   2.8369436e-03
  -1.9485770e-03
   5.6773130e-05
  -1.9985881e-03
   3.7650874e-05
  -1.9299879e-03
   1.1407225e-04
  -1.8766090e-03
   1.6911855e-04
  -2.0303174e-03
   1.9697399e-05
  -2.0409035e-03
  -1.6519171e-06
  -1.9795712e-03
  -1.7310357e-06
  -1.9651999e-03
   6.1080653e-05
  -1.8416904e-03
   1.0823858e-04
  -1.8629728e-03
   7.2443476e-06
  -1.7020123e-03
   2.9294316e-05
  -1.6722728e-03
   1.6370692e-04
  -1.7378270e-03
   2.8438184e-04
  -1.7995802e-03
   1.9491722e-04
  -1.6221824e-03
   2.8221548e-04
  -1.5513863e-03
   4.0397129e-04
  -1.3372063e-03
   5.2652784e-04
  -1.4149538e-03
   3.7545781e-04
  -1.1933836e-03
   4.7249433e-04
  -1.1127431e-03
   6.4966226e-04
  -1.4719146e-03
   2.2800293e-04
  -1.5098847e-03
   6.5896923e-05
  -1.2992203e-03
   1.1603439e-04
  -1.2546353e-03
   2.9984616e-04
  -1.0310937e-03
   3.7675975e-04
  -1.0799218e-03
   1.7687138e-04
  -8.5813197e-04
   2.4476144e-04
  -8.0747233e-04
   4.5588110e-04
  -8.9016460e-04
   7.6886567e-04
  -9.6878704e-04
   5.7004084e-04
  -7.4698868e-04
   6.6480367e-04
  -6.7435867e-04
   8.8022859e-04
  -9.0213750e-04
   1.5514050e-03
  -1.0008773e-03
   1.1957682e-03
  -7.7231077e-04
   1.3512718e-03
  -6.5484262e-04
   1.6698277e-03
  -1.1222066e-03
   9.1573336e-04
  -1.2383327e-03
   7.0000231e-04
  -1.0125831e-03
   8.4638900e-04
  -8.9623122e-04
   1.0766760e-03
  -6.8651396e-04
   1.2265710e-03
  -7.9512702e-04
   9.8460600e-04
  -5.8969941e-04
   1.1102759e-03
  -4.9554215e-04
   1.3606599e-03
  -4.5600183e-04
   1.7991451e-03
  -5.7051009e-04
   1.4994480e-03
  -3.9685884e-04
   1.6324255e-03
  -3.0052214e-04
   1.9191133e-03
  -4.6484926e-04
   9.8103759e-04
  -5.2905007e-04
   7.5430375e-04
  -3.1272027e-04
   8.3729260e-04
  -2.5745458e-04
   1.0702599e-03
  -5.8576183e-04
   5.3470344e-04
  -6.3635998e-04
   3.1625402e-04
  -4.1448986e-04
   3.8884545e-04
  -3.6498152e-04
   6.1157410e-04
  -1.4293060e-04
   6.8599128e-04
  -1.9134435e-04
   4.6132718e-04
   3.3492463e-05
   5.3364247e-04
   8.1809004e-05
   7.5875669e-04
  -4.6130921e-05
   1.1488710e-03
  -9.4246289e-05
   9.1406092e-04
   1.2961418e-04
   9.8676093e-04
   1.7517550e-04
   1.2203006e-03
  -1.7023124e-04
   2.0205967e-03
  -2.4156327e-04
   1.7448676e-03
  -9.0604230e-05
   1.8353368e-03
  -4.5860132e-05
   2.1010115e-03
  -3.1785250e-04
   1.4755149e-03
  -3.9366057e-04
   1.2204263e-03
  -2.0023358e-04
   1.3141535e-03
  -1.4344250e-04
   1.5701811e-03
   4.0008827e-05
   1.6462663e-03
  -4.3123218e-07
   1.3929120e-03
   2.1547485e-04
   1.4609912e-03
   2.4633577e-04
   1.7081955e-03
   9.1018488e-05
   2.1607237e-03
   7.1680645e-05
   1.9051231e-03
   2.6294290e-04
   1.9577894e-03
   2.6072677e-04
   2.2013324e-03
  -9.5852982e-06
   2.7931995e-03
  -3.0988669e-05
   2.6994668e-03
   9.7295983e-06
   2.7312636e-03
   4.3269624e-06
   2.8169111e-03
  -6.2833218e-05
   2.5226537e-03
  -1.0928945e-04
   2.2873674e-03
  -1.3072838e-05
   2.3525497e-03
   5.3068182e-06
   2.5700589e-03
   8.3279265e-05
   2.6026517e-03
   9.5234421e-05
   2.3991911e-03
   2.3650469e-04
   2.4260470e-03
   1.8965084e-04
   2.6159687e-03
   2.0100292e-05
   2.8311925e-03
   5.6738039e-05
   2.7520152e-03
   1.2293537e-04
   2.7544469e-03
   4.2593913e-05
   2.8276065e-03
  -2.2963718e-02
   2.0672050e-01
   2.5068783e-01
  -1.5199683e-01
  -2.5267205e-02
   1.3851599e-01
   2.4353265e-01
  -9.2782391e-02
   1.1327556e-01
   1.0287180e-01
   3.1151072e-01
   1.9604705e-01
  -1.4979727e-01
  -5.3567891e-02
   1.8746833e-01
   3.7226910e-02
   3.2880745e-02
   1.8231823e-01
   3.5953161e-01
   2.7383045e-01
   2.1800722e-01
   1.7703190e-01
  -1.9106102e-01
  -1.1808310e-01
  -7.1663958e-02
  -3.7868170e-02
   2.2751413e-01
   1.4979924e-01
   7.6266851e-02
  -5.4872486e-03
  -2.7396492e-03
   6.7564035e-02
   1.4054423e-01
   2.3013246e-01
