   0.0000000e+00
   0.0000000e+00
   2.2982651e-05
  -7.7614515e-05
   3.4486022e-05
  -5.5185949e-05
   1.8758007e-05
  -1.7313795e-05
   1.4549875e-05
   0.0000000e+00
   1.8758007e-05
   1.7313795e-05
   3.4486022e-05
   5.5185949e-05
   2.2982651e-05
   7.7614515e-05
   2.3643261e-05
  -3.8039982e-05
   3.0680019e-05
  -6.3202013e-05
   2.7052164e-05
  -3.4759038e-05
   1.2289457e-05
  -1.1292530e-05
   1.5757749e-05
  -5.3215361e-05
   9.6755421e-06
   2.6228329e-21
   1.4151285e-05
  -6.5786525e-06
   1.4151285e-05
   6.5786525e-06
   1.2289457e-05
   1.1292530e-05
   2.3643261e-05
   3.8039982e-05
   1.5757749e-05
   5.3215361e-05
   2.7052164e-05
   3.4759038e-05
   3.0680019e-05
   6.3202013e-05
   2.9483863e-05
  -4.7244435e-05
   2.5462419e-05
  -3.5585260e-05
   2.7522369e-05
  -5.1225942e-05
   2.0730746e-05
  -2.4182944e-05
   2.2783973e-05
  -2.5300835e-05
   2.4534796e-05
  -5.7545423e-05
   2.7517204e-05
  -6.9675353e-05
   3.2858386e-05
  -5.8442837e-05
   3.1012258e-05
  -4.4937518e-05
   1.6102117e-05
  -2.6422957e-05
   2.0998775e-05
  -4.3421114e-05
   1.8536498e-05
  -2.4001088e-05
   1.9650473e-05
  -6.6361446e-05
   1.5856449e-05
  -1.4545593e-05
   7.3189247e-06
  -6.9196226e-06
   1.0804091e-05
  -3.6486405e-05
   1.2662151e-05
  -8.0210900e-06
   1.1685636e-05
  -3.5074468e-06
   9.2579305e-06
  -4.3757017e-06
   1.2339480e-05
   4.1667979e-22
   1.3888311e-05
  -3.0036971e-06
   6.1169830e-06
  -1.3899396e-21
   1.5734556e-05
  -1.1163454e-05
   1.2662151e-05
   8.0210900e-06
   9.2579305e-06
   4.3757017e-06
   1.1685636e-05
   3.5074468e-06
   7.3189247e-06
   6.9196226e-06
   1.3888311e-05
   3.0036971e-06
   1.5734556e-05
   1.1163454e-05
   1.5856449e-05
   1.4545593e-05
   1.6102117e-05
   2.6422957e-05
   1.8536498e-05
   2.4001088e-05
   2.0998775e-05
   4.3421114e-05
   2.0730746e-05
   2.4182944e-05
   2.4534796e-05
   5.7545423e-05
   1.9650473e-05
   6.6361446e-05
   1.0804091e-05
   3.6486405e-05
   2.9483863e-05
   4.7244435e-05
   2.7522369e-05
   5.1225942e-05
   2.5462419e-05
   3.5585260e-05
   2.7517204e-05
   6.9675353e-05
   2.2783973e-05
   2.5300835e-05
   3.1012258e-05
   4.4937518e-05
   3.2858386e-05
   5.8442837e-05
   2.6700958e-05
  -4.2843870e-05
   2.8586123e-05
  -4.8982290e-05
   2.7562718e-05
  -4.1442706e-05
   3.0296102e-05
  -5.4911412e-05
   2.9167392e-05
  -5.7361239e-05
   2.8344918e-05
  -4.0462385e-05
   2.6269724e-05
  -3.5025069e-05
   2.4602098e-05
  -3.6543213e-05
   2.5700766e-05
  -4.4781628e-05
   2.4067744e-05
  -2.9715437e-05
   2.1782715e-05
  -2.4667075e-05
   2.3176857e-05
  -2.9778816e-05
   1.9502084e-05
  -2.0035231e-05
   2.0692514e-05
  -2.1085434e-05
   2.2253429e-05
  -3.0176140e-05
   2.4931572e-05
  -2.9890512e-05
   2.7785790e-05
  -6.0322040e-05
   2.6208595e-05
  -5.4059847e-05
   2.6070685e-05
  -6.3812439e-05
   2.4469768e-05
  -4.7386257e-05
   2.3945570e-05
  -6.7798645e-05
   2.5432370e-05
  -7.3501159e-05
   2.9251397e-05
  -6.6225752e-05
   3.2066178e-05
  -5.1336926e-05
   3.0277075e-05
  -4.5924278e-05
   3.1243122e-05
  -5.2924027e-05
   2.9089250e-05
  -3.9805177e-05
   3.1862471e-05
  -6.0614413e-05
   3.3719358e-05
  -5.6648802e-05
   3.2810497e-05
  -5.0082495e-05
   2.0185816e-05
  -3.2669403e-05
   1.7387277e-05
  -2.4690042e-05
   1.8816716e-05
  -3.5335667e-05
   1.3954755e-05
  -1.6612875e-05
   1.5432006e-05
  -1.7191697e-05
   1.6804414e-05
  -3.9493704e-05
   1.8867714e-05
  -4.7731256e-05
   2.2497528e-05
  -4.0259526e-05
   2.1277495e-05
  -3.1061659e-05
   2.0698316e-05
  -5.5048226e-05
   2.2377004e-05
  -6.1684350e-05
   2.2866116e-05
  -5.0784075e-05
   2.1370981e-05
  -7.2171757e-05
   1.7793448e-05
  -6.0090102e-05
   1.6858030e-05
  -1.8048260e-05
   1.9645772e-05
  -2.3915218e-05
   1.8217929e-05
  -1.9017730e-05
   1.7374654e-05
  -1.5968257e-05
   1.4180643e-05
  -1.3006481e-05
   1.0806700e-05
  -1.8506359e-05
   1.4315522e-05
  -2.9959599e-05
   1.2444473e-05
  -1.6713325e-05
   1.3473086e-05
  -4.5499844e-05
   1.0073087e-05
  -9.3113009e-06
   3.6345448e-06
  -3.9400998e-06
   7.4076817e-06
  -2.5016419e-05
   1.0495582e-05
  -3.8649453e-06
   1.0994837e-05
  -6.2684569e-06
   1.1919629e-05
  -5.5873733e-06
   1.2209212e-05
  -9.2299546e-06
   1.0251731e-05
  -7.3348466e-06
   1.3350003e-05
  -7.2013357e-06
   1.2894793e-05
  -5.0909963e-06
   1.0577968e-05
  -1.8195643e-06
   9.1530105e-06
  -2.0177522e-06
   1.2814657e-05
  -3.2303139e-06
   1.3036515e-05
  -1.5497259e-06
   1.1860271e-05
  -1.6702482e-06
   1.3491182e-05
   2.1041502e-22
   1.4129318e-05
  -1.4494559e-06
   1.1080302e-05
   3.3149054e-21
   1.3877578e-05
  -4.6974188e-06
   8.0675827e-06
  -5.2200064e-06
   7.5377377e-06
  -2.3123634e-06
   5.6860720e-06
  -2.8244911e-06
   8.0593269e-06
   1.1004039e-21
   3.6151447e-06
  -1.3511223e-21
   1.5591476e-05
  -1.2540297e-05
   1.4240304e-05
  -9.6506258e-06
   1.3976913e-05
  -1.0953086e-05
   1.4759208e-05
  -8.7096796e-06
   1.7079999e-05
  -1.4012968e-05
   1.0495582e-05
   3.8649453e-06
   1.1919629e-05
   5.5873733e-06
   1.0994837e-05
   6.2684569e-06
   1.3350003e-05
   7.2013357e-06
   1.2894793e-05
   5.0909963e-06
   1.2209212e-05
   9.2299546e-06
   1.0251731e-05
   7.3348466e-06
   9.1530105e-06
   2.0177522e-06
   1.0577968e-05
   1.8195643e-06
   8.0675827e-06
   5.2200064e-06
   5.6860720e-06
   2.8244911e-06
   7.5377377e-06
   2.3123634e-06
   3.6345448e-06
   3.9400998e-06
   1.0073087e-05
   9.3113009e-06
   1.2814657e-05
   3.2303139e-06
   1.1860271e-05
   1.6702482e-06
   1.3036515e-05
   1.5497259e-06
   1.4129318e-05
   1.4494559e-06
   1.3877578e-05
   4.6974188e-06
   1.5591476e-05
   1.2540297e-05
   1.3976913e-05
   1.0953086e-05
   1.4240304e-05
   9.6506258e-06
   1.4180643e-05
   1.3006481e-05
   1.4759208e-05
   8.7096796e-06
   1.7079999e-05
   1.4012968e-05
   1.7374654e-05
   1.5968257e-05
   2.0185816e-05
   3.2669403e-05
   1.8816716e-05
   3.5335667e-05
   1.7387277e-05
   2.4690042e-05
   1.6804414e-05
   3.9493704e-05
   1.8867714e-05
   4.7731256e-05
   1.3954755e-05
   1.6612875e-05
   1.5432006e-05
   1.7191697e-05
   2.1277495e-05
   3.1061659e-05
   2.2497528e-05
   4.0259526e-05
   1.6858030e-05
   1.8048260e-05
   1.8217929e-05
   1.9017730e-05
   1.9645772e-05
   2.3915218e-05
   1.9502084e-05
   2.0035231e-05
   2.2253429e-05
   3.0176140e-05
   2.0698316e-05
   5.5048226e-05
   2.2866116e-05
   5.0784075e-05
   2.2377004e-05
   6.1684350e-05
   2.4469768e-05
   4.7386257e-05
   2.3945570e-05
   6.7798645e-05
   2.1370981e-05
   7.2171757e-05
   1.7793448e-05
   6.0090102e-05
   1.0806700e-05
   1.8506359e-05
   1.2444473e-05
   1.6713325e-05
   1.4315522e-05
   2.9959599e-05
   1.3473086e-05
   4.5499844e-05
   7.4076817e-06
   2.5016419e-05
   2.6700958e-05
   4.2843870e-05
   2.7562718e-05
   4.1442706e-05
   2.8586123e-05
   4.8982290e-05
   2.8344918e-05
   4.0462385e-05
   2.6269724e-05
   3.5025069e-05
   3.0296102e-05
   5.4911412e-05
   2.9167392e-05
   5.7361239e-05
   2.5700766e-05
   4.4781628e-05
   2.4602098e-05
   3.6543213e-05
   2.7785790e-05
   6.0322040e-05
   2.6070685e-05
   6.3812439e-05
   2.6208595e-05
   5.4059847e-05
   2.5432370e-05
   7.3501159e-05
   2.9251397e-05
   6.6225752e-05
   2.4067744e-05
   2.9715437e-05
   2.3176857e-05
   2.9778816e-05
   2.1782715e-05
   2.4667075e-05
   2.0692514e-05
   2.1085434e-05
   2.4931572e-05
   2.9890512e-05
   3.2066178e-05
   5.1336926e-05
   3.1243122e-05
   5.2924027e-05
   3.0277075e-05
   4.5924278e-05
   3.1862471e-05
   6.0614413e-05
   2.9089250e-05
   3.9805177e-05
   3.2810497e-05
   5.0082495e-05
   3.3719358e-05
   5.6648802e-05
   1.5498203e-01
   8.5354845e-17
   1.0075865e-01
   9.3179506e-02
   7.9309964e-02
   2.1882323e-01
  -1.2250953e-01
   3.3558443e-01
  -1.5069643e-01
  -9.5478860e-17
  -1.2250953e-01
  -3.3558443e-01
   7.9309964e-02
  -2.1882323e-01
   1.0075865e-01
  -9.3179506e-02
   1.8294346e-01
   3.0406423e-01
  -8.6943602e-03
   2.4205397e-01
  -8.1557665e-03
   4.0923897e-04
  -1.7723889e-01
   2.7758881e-01
  -1.7723889e-01
  -2.7758881e-01
  -8.1557665e-03
  -4.0923897e-04
  -8.6943602e-03
  -2.4205397e-01
   1.8294346e-01
  -3.0406423e-01
  -5.7508945e-02
   3.0146944e-01
   2.0647067e-01
   2.7148373e-01
   1.5253000e-01
   3.1038911e-01
   1.7719962e-02
   1.8843566e-01
  -3.0746889e-03
  -4.2987113e-04
  -3.5067417e-02
   2.2383582e-02
  -1.6882158e-01
   2.4493127e-01
  -1.6497457e-01
   3.1278599e-01
  -1.6882158e-01
  -2.4493127e-01
  -1.6497457e-01
  -3.1278599e-01
  -3.0746889e-03
   4.2987113e-04
  -3.5067417e-02
  -2.2383582e-02
   2.0647067e-01
  -2.7148373e-01
  -5.7508945e-02
  -3.0146944e-01
   1.7719962e-02
  -1.8843566e-01
   1.5253000e-01
  -3.1038911e-01
  -8.9910999e-02
   3.2534877e-01
  -3.0001596e-02
   2.7201372e-01
   2.0938920e-01
   2.4157934e-01
   1.9666304e-01
   2.9197758e-01
   6.8744007e-03
   2.1391915e-01
   1.6769404e-01
   3.0963090e-01
   1.3858891e-01
   3.0769384e-01
   2.4743801e-02
   1.6575093e-01
  -2.0129427e-03
  -1.1494634e-03
  -4.7537308e-03
  -8.5143580e-05
  -1.5890256e-02
   3.1687046e-03
   6.0257954e-02
   5.6695239e-01
  -1.6027452e-01
   2.3106320e-01
  -1.7488955e-01
   2.6047106e-01
  -1.7439887e-01
   2.9553142e-01
  -1.4790864e-01
   3.2689375e-01
  -1.6027452e-01
  -2.3106320e-01
  -1.7488955e-01
  -2.6047106e-01
  -1.7439887e-01
  -2.9553142e-01
  -1.4790864e-01
  -3.2689375e-01
  -2.0129427e-03
   1.1494634e-03
  -4.7537308e-03
   8.5143580e-05
  -1.5890256e-02
  -3.1687046e-03
   6.0257954e-02
  -5.6695239e-01
   2.0938920e-01
  -2.4157934e-01
   1.9666304e-01
  -2.9197758e-01
  -8.9910999e-02
  -3.2534877e-01
  -3.0001596e-02
  -2.7201372e-01
   1.6769404e-01
  -3.0963090e-01
   6.8744007e-03
  -2.1391915e-01
   2.4743801e-02
  -1.6575093e-01
   1.3858891e-01
  -3.0769384e-01
