   0.0000000e+00
   0.0000000e+00
   0.0000000e+00
   0.0000000e+00
   2.4740045e-03
   8.7678586e-03
   0.0000000e+00
   0.0000000e+00
   3.6403066e-03
   8.1508444e-03
   7.1384411e-03
   2.4466889e-02
   0.0000000e+00
   0.0000000e+00
   1.5230137e-03
   6.7399621e-03
   3.6743287e-03
   2.4864050e-02
   2.4287555e-03
   5.7074108e-02
   0.0000000e+00
   0.0000000e+00
  -4.9433682e-03
   7.1111111e-03
  -5.0444224e-03
   2.5382464e-02
  -8.2932385e-03
   5.7877254e-02
  -2.2153068e-02
   1.0693924e-01
  -1.8861261e-02
   1.0728586e-02
  -1.8969470e-02
   2.6873141e-02
  -2.2273729e-02
   5.9180341e-02
  -3.5245422e-02
   1.0805841e-01
  -3.7922953e-02
   2.9610743e-02
  -3.9148146e-02
   6.0808785e-02
  -4.8588429e-02
   1.1003762e-01
  -5.9674013e-02
   6.2589950e-02
  -6.3730963e-02
   1.1209945e-01
  -8.2036790e-02
   1.1336888e-01
   8.1137119e-04
   4.3093589e-03
   1.2886518e-03
   4.3158909e-03
   0.0000000e+00
   0.0000000e+00
   1.5819076e-03
   3.9150132e-03
   1.5573044e-03
   3.0873033e-03
   0.0000000e+00
   0.0000000e+00
   3.4219070e-03
   8.7030190e-03
   5.0919096e-03
   1.4894145e-02
   5.5370284e-03
   1.4953242e-02
   1.1740003e-03
   2.3036237e-03
   2.1898863e-04
   1.5857572e-03
   0.0000000e+00
   0.0000000e+00
   3.0409894e-03
   7.3886455e-03
   4.8108945e-03
   1.4713865e-02
   2.5668027e-03
   1.4403635e-02
   6.0810225e-03
   2.4733638e-02
   6.6236053e-03
   3.8567111e-02
   3.2088548e-03
   3.8928142e-02
  -1.1150221e-03
   1.4877345e-03
  -4.0786255e-03
   2.6815018e-03
   0.0000000e+00
   0.0000000e+00
  -9.9797633e-04
   6.5289229e-03
  -3.6933549e-04
   1.4349656e-02
  -5.5525930e-03
   1.4746859e-02
  -5.8794657e-06
   2.5035767e-02
  -4.9283730e-04
   3.9198630e-02
  -6.6656110e-03
   3.9670762e-02
  -2.4633467e-03
   5.7428159e-02
  -6.8869539e-03
   8.0213002e-02
  -1.4376257e-02
   8.0612908e-02
  -1.0896753e-02
   8.6311007e-03
  -1.0239731e-02
   5.2737710e-03
  -1.1141092e-02
   1.5511264e-02
  -1.9730663e-02
   1.6978439e-02
  -1.1349356e-02
   2.5986676e-02
  -1.2335963e-02
   4.0167930e-02
  -2.0894501e-02
   4.1010578e-02
  -1.4906202e-02
   5.8469822e-02
  -1.9982413e-02
   8.1071243e-02
  -2.8376256e-02
   8.1926057e-02
  -2.8848157e-02
   1.0730347e-01
  -2.8016963e-02
   1.8574707e-02
  -2.7805328e-02
   2.8064291e-02
  -2.8324509e-02
   4.1793668e-02
  -3.9219366e-02
   4.2998341e-02
  -3.0307658e-02
   5.9977898e-02
  -3.4496600e-02
   8.2569999e-02
  -4.3884199e-02
   8.3462659e-02
  -4.1813606e-02
   1.0899389e-01
  -4.8590597e-02
   4.4087369e-02
  -4.8879449e-02
   6.1668368e-02
  -5.0976751e-02
   8.4018057e-02
  -6.2219266e-02
   8.4705913e-02
  -5.5904917e-02
   1.1109917e-01
  -7.0910495e-02
   8.5135724e-02
  -7.2403955e-02
   1.1291293e-01
   5.2712238e-04
   2.2312587e-03
   4.3724250e-04
   2.2168354e-03
   1.0444279e-03
   4.3753761e-03
   3.6992528e-04
   2.1394245e-03
   0.0000000e+00
   0.0000000e+00
   1.4884095e-03
   6.4634936e-03
   1.9385782e-03
   6.5088541e-03
   6.1711672e-04
   2.1646496e-03
   0.0000000e+00
   0.0000000e+00
   7.1056293e-04
   1.5638424e-03
   7.1501547e-04
   1.8319535e-03
   1.6275057e-03
   3.5326350e-03
   6.7644302e-04
   2.0437419e-03
   0.0000000e+00
   0.0000000e+00
   2.6272465e-03
   5.8638017e-03
   2.5840846e-03
   5.4006090e-03
   6.5505927e-04
   1.2618247e-03
   0.0000000e+00
   0.0000000e+00
   2.2761773e-03
   6.4047640e-03
   2.5138945e-03
   6.1819236e-03
   1.4645621e-03
   4.1598797e-03
   3.6331740e-03
   8.4717590e-03
   3.0262175e-03
   8.8120364e-03
   4.6030286e-03
   1.1466803e-02
   4.3065828e-03
   1.1554004e-02
   5.4929402e-03
   1.4996434e-02
   3.7501498e-03
   1.1483424e-02
   6.2925417e-03
   1.9181306e-02
   6.3710709e-03
   1.9318170e-02
   4.6247419e-03
   1.1264810e-02
   2.2272034e-04
   4.2279624e-04
   4.2693624e-04
   6.9196798e-04
   7.7090005e-04
   1.8923400e-03
   5.7219482e-04
   9.9754723e-04
   0.0000000e+00
   0.0000000e+00
   1.5648854e-03
   4.1643446e-03
   7.5654456e-04
   3.8092732e-03
  -4.7228276e-05
   2.2451657e-04
   0.0000000e+00
   0.0000000e+00
   2.3984224e-03
   4.9738384e-03
   2.0610311e-03
   4.5499537e-03
   1.4109182e-03
   2.6912280e-03
   2.4036683e-03
   7.0303884e-03
   3.4511408e-03
   7.7755785e-03
   3.1409522e-03
   1.0473808e-02
   3.9381789e-03
   1.0753757e-02
   3.8747307e-03
   1.4541246e-02
   4.4369507e-03
   1.1047871e-02
   4.5987011e-03
   1.9285747e-02
   3.1119563e-03
   1.9251865e-02
   2.0374026e-03
   1.0249062e-02
   6.0766030e-03
   1.9341026e-02
   5.4831469e-03
   1.9321799e-02
   5.2967731e-03
   1.4848390e-02
   5.0452335e-03
   2.4805376e-02
   6.7817776e-03
   2.4628989e-02
   5.1230428e-03
   3.1287884e-02
   6.3882382e-03
   3.1146279e-02
   5.1104827e-03
   3.8757540e-02
   7.2835837e-03
   3.0968596e-02
   5.0346796e-03
   4.7270565e-02
   2.8435859e-03
   4.7468080e-02
   3.4965876e-03
   3.1412573e-02
  -1.3786554e-03
   5.4191246e-04
  -7.6150012e-04
   1.9897134e-04
  -2.3083129e-03
   1.8357450e-03
  -3.2592143e-04
   1.4278520e-04
   0.0000000e+00
   0.0000000e+00
  -2.6322719e-03
   3.8761452e-03
  -4.8629437e-03
   4.5384517e-03
  -2.4326443e-03
   1.4099427e-03
   0.0000000e+00
   0.0000000e+00
  -1.2408775e-04
   3.6402837e-03
  -1.2325807e-03
   3.6433281e-03
  -3.7354207e-04
   1.4524166e-03
  -2.7499947e-03
   6.7004048e-03
   4.1020426e-04
   6.5573212e-03
  -2.8747794e-03
   1.0249951e-02
  -7.8493234e-04
   1.0110255e-02
  -2.7324054e-03
   1.4473811e-02
   9.1616720e-04
   1.0134095e-02
  -2.3570876e-03
   1.9417679e-02
  -5.4159436e-03
   1.9665621e-02
  -5.4114099e-03
   1.0577695e-02
   1.5911027e-03
   1.9254339e-02
  -2.2844725e-04
   1.9304189e-02
   1.2299938e-03
   1.4342781e-02
  -2.3529377e-03
   2.5181580e-02
   2.0040259e-03
   2.4935800e-02
  -2.8781896e-03
   3.1837575e-02
  -2.5361314e-04
   3.1655784e-02
  -3.3964867e-03
   3.9412391e-02
   2.0100954e-03
   3.1509883e-02
  -3.9027684e-03
   4.7968554e-02
  -7.4769953e-03
   4.8257038e-02
  -5.8547727e-03
   3.2066056e-02
   8.3829004e-04
   4.7617071e-02
  -1.4154455e-03
   4.7781654e-02
   1.4754797e-03
   3.9057592e-02
  -5.2611361e-03
   5.7640171e-02
   9.8702034e-05
   5.7239289e-02
  -7.7284360e-03
   6.8501771e-02
  -4.5380471e-03
   6.8304013e-02
  -1.0516252e-02
   8.0379706e-02
  -1.5889361e-03
   6.8140593e-02
  -1.3647506e-02
   9.3235322e-02
  -1.8035942e-02
   9.3414017e-02
  -1.1146579e-02
   6.8742099e-02
  -1.0739817e-02
   6.5712221e-03
  -6.7761608e-03
   3.9817291e-03
  -7.4950237e-03
   5.4785956e-03
  -5.7177348e-03
   3.1222775e-03
  -7.6495133e-03
   7.7786360e-03
  -1.4654317e-02
   9.6247201e-03
  -1.4539480e-02
   7.7251150e-03
  -1.5145669e-02
   1.2464401e-02
  -1.1244975e-02
   1.1648884e-02
  -1.5204360e-02
   1.6175946e-02
  -7.8292593e-03
   1.0984485e-02
  -1.4851620e-02
   2.0776899e-02
  -1.9542422e-02
   2.1456661e-02
  -1.9503545e-02
   1.3415073e-02
  -8.2422346e-03
   1.9954491e-02
  -1.1388067e-02
   2.0324356e-02
  -8.1892533e-03
   1.5080631e-02
  -1.4995377e-02
   2.6393927e-02
  -8.0291361e-03
   2.5650817e-02
  -1.5800429e-02
   3.3002693e-02
  -1.1913622e-02
   3.2609868e-02
  -1.6453630e-02
   4.0562863e-02
  -8.3565404e-03
   3.2277982e-02
  -1.6978288e-02
   4.9117609e-02
  -2.1639625e-02
   4.9577253e-02
  -2.0011771e-02
   3.3456056e-02
  -1.0446455e-02
   4.8513094e-02
  -1.3616081e-02
   4.8800055e-02
  -9.4013808e-03
   3.9903249e-02
  -1.8500456e-02
   5.8813020e-02
  -1.1497619e-02
   5.8157624e-02
  -2.1224245e-02
   6.9643326e-02
  -1.7349784e-02
   6.9271419e-02
  -2.4132521e-02
   8.1479732e-02
  -1.3631412e-02
   6.8940950e-02
  -2.7262384e-02
   9.4209896e-02
  -3.1697197e-02
   9.4711869e-02
  -2.5242212e-02
   7.0044188e-02
  -2.1120145e-02
   9.3623909e-02
  -2.4193809e-02
   9.3894706e-02
  -1.7152013e-02
   8.0823601e-02
  -3.2058645e-02
   1.0764885e-01
  -2.5571761e-02
   1.0704912e-01
  -2.3679907e-02
   2.2099127e-02
  -2.8124326e-02
   2.2830685e-02
  -2.3728899e-02
   1.7728877e-02
  -3.2872217e-02
   2.3658589e-02
  -3.2707757e-02
   2.8787984e-02
  -2.3352972e-02
   1.4283867e-02
  -2.3223646e-02
   2.7428556e-02
  -3.3322307e-02
   3.5045126e-02
  -2.8218671e-02
   3.4411120e-02
  -3.3594948e-02
   4.2369231e-02
  -2.3449100e-02
   3.3844346e-02
  -3.3569072e-02
   5.0772569e-02
  -3.9331193e-02
   5.1349389e-02
  -3.8765776e-02
   3.5752783e-02
  -2.5420603e-02
   4.9956001e-02
  -2.9394310e-02
   5.0354770e-02
  -2.4513060e-02
   4.1387454e-02
  -3.4619036e-02
   6.0391058e-02
  -2.6195115e-02
   5.9573098e-02
  -3.6881607e-02
   7.1180630e-02
  -3.2409090e-02
   7.0758671e-02
  -3.9090194e-02
   8.3027388e-02
  -2.8123564e-02
   7.0333917e-02
  -4.1310574e-02
   9.5832986e-02
  -4.6170917e-02
   9.6355981e-02
  -4.1563902e-02
   7.1591541e-02
  -3.4837948e-02
   9.5081143e-02
  -3.8037065e-02
   9.5457745e-02
  -3.1401034e-02
   8.2247320e-02
  -4.5167826e-02
   1.0950754e-01
  -3.8514585e-02
   1.0850602e-01
  -4.4006821e-02
   5.1814918e-02
  -4.8926550e-02
   5.2304767e-02
  -4.3786233e-02
   4.3522173e-02
  -5.4105615e-02
   5.2823263e-02
  -5.4140526e-02
   6.2117457e-02
  -4.3177993e-02
   3.6354184e-02
  -4.3885523e-02
   6.1234379e-02
  -5.5447024e-02
   7.2639565e-02
  -5.0059419e-02
   7.2259494e-02
  -5.6429193e-02
   8.4378424e-02
  -4.4957649e-02
   7.1869226e-02
  -5.7198331e-02
   9.7341809e-02
  -6.2993593e-02
   9.7725864e-02
  -6.1137438e-02
   7.3018233e-02
  -4.9701243e-02
   9.6705853e-02
  -5.3372122e-02
   9.7036880e-02
  -4.7361966e-02
   8.3748621e-02
  -5.9745597e-02
   1.1161509e-01
  -5.2194675e-02
   1.1056720e-01
  -6.7272508e-02
   9.7958041e-02
  -7.1784990e-02
   9.8154579e-02
  -6.6468000e-02
   8.4921696e-02
  -7.6560425e-02
   9.8314052e-02
  -7.7074471e-02
   1.1320101e-01
  -6.5281565e-02
   7.3289555e-02
  -6.7972709e-02
   1.1253595e-01
   1.1079162e+00
   7.6627380e-01
   3.2291790e+00
   2.1996103e+00
   2.9345646e+00
   9.2354727e-01
  -1.1120725e+00
  -5.3932121e-01
  -1.1097056e+01
   4.6384784e+00
   2.5280668e+00
   2.3373988e+00
   3.3747832e+00
   1.6872405e+00
   1.3649079e+00
   4.6872087e-02
  -5.1277494e+00
  -1.2536918e+00
   2.3076920e+00
   2.2054833e+00
   2.8302450e+00
   2.3513887e+00
   3.3398849e+00
   2.0082245e+00
   3.2153607e+00
   1.2953873e+00
   2.2049537e+00
   4.7864973e-01
   2.6602593e-01
  -3.5746632e-01
  -2.8953357e+00
  -9.6681739e-01
  -8.4713661e+00
  -1.8212580e+00
